locus chr n.snps n.pcs phen1 phen2 rho rho.lower rho.upper r2 r2.lower r2.upper p
ENSG00000091164.12__chr18:56626266:56626361:clu_21519 18 4251 145 depression sqtl 0.15808 -0.04234 0.3634 0.0249894 0 0.13206 0.124912
ENSG00000101751.10__chr18:54274090:54277703:clu_21503 18 5216 145 depression sqtl 0.156005 -0.06307 0.38506 0.0243376 0 0.14827 0.167602
ENSG00000101751.10__chr18:54287411:54291833:clu_21507 18 5216 145 depression sqtl -0.0251204 -0.19804 0.15212 0.000631033 0 0.04227 0.7736
ENSG00000101751.10__chr18:54287411:54311089:clu_21507 18 5216 145 depression sqtl 0.175321 -0.02184 0.37728 0.0307376 0 0.14234 0.0818352
ENSG00000134046.11__chr18:54164700:54166076:clu_21500 18 5202 145 depression sqtl 0.0920061 -0.10809 0.29078 0.00846513 0 0.08455 0.354199
ENSG00000196628.15__chr18:55279656:55321670:clu_21515 18 3825 145 depression sqtl -0.0286165 -0.23635 0.17736 0.000818903 0 0.06045 0.782718
