locus chr n.snps n.pcs phen1 phen2 rho rho.lower rho.upper r2 r2.lower r2.upper p
ENSG00000100711.13__chr14:103729182:103729793:clu_17828 14 4746 145 depression sqtl -0.0960112 -0.36023 0.16134 0.00921815 0 0.13074 0.444427
ENSG00000100711.13__chr14:103729182:103732620:clu_17828 14 4746 145 depression sqtl -0.0272313 -0.27751 0.20797 0.000741544 0 0.08398 0.817586
ENSG00000100711.13__chr14:103729846:103732620:clu_17828 14 4746 145 depression sqtl 0.0280789 -0.24175 0.30076 0.000788427 0 0.10407 0.834062
ENSG00000126214.21__chr14:103674266:103675552:clu_17816 14 4640 145 depression sqtl 0.267935 0.00583 0.55969 0.0717894 0.00097 0.31332 0.0495591
ENSG00000126214.21__chr14:103679518:103700655:clu_17819 14 4640 145 depression sqtl -0.253843 -0.52546 -0.0128 0.0644361 0.00104 0.27611 0.0390972
ENSG00000126214.21__chr14:103687211:103692359:clu_17819 14 4640 145 depression sqtl 0.26954 0.03322 0.53576 0.0726516 0.00176 0.28704 0.0284862
ENSG00000156381.8__chr14:102508846:102509529:clu_17784 14 4391 145 depression sqtl 0.251376 -0.01651 0.54862 0.0631898 0 0.3011 0.0621822
ENSG00000198752.10__chr14:102944487:102945662:clu_17790 14 4450 145 depression sqtl 0.174713 -0.08966 0.4565 0.0305248 0 0.20861 0.189708
