locus chr n.snps n.pcs phen1 phen2 rho rho.lower rho.upper r2 r2.lower r2.upper p
ENSG00000124177.14__chr20:41457428:41473322:clu_23642 20 4758 145 depression sqtl -0.228358 -0.50103 0.02124 0.0521474 0 0.25148 0.069119
ENSG00000124177.14__chr20:41473517:41483309:clu_23642 20 4758 145 depression sqtl 0.142192 -0.11323 0.40872 0.0202185 0 0.16707 0.265202
