locus chr n.snps n.pcs phen1 phen2 rho rho.lower rho.upper r2 r2.lower r2.upper p
ENSG00000113391.18__chr5:94053227:94111511:clu_30189 5 2798 145 depression sqtl -0.147121 -0.40287 0.09222 0.0216447 0 0.16231 0.228346
ENSG00000113522.13__chr5:132640805:132642178:clu_30498 5 3254 145 depression sqtl -0.0955436 -0.42857 0.22622 0.00912858 0 0.18806 0.543439
ENSG00000169302.14__chr5:147235199:147239539:clu_30787 5 4353 145 depression sqtl 0.234415 -0.03549 0.53213 0.0549505 0 0.28317 0.0914721
