locus chr n.snps n.pcs phen1 phen2 rho rho.lower rho.upper r2 r2.lower r2.upper p
ENSG00000010256.10__chr3:48600151:48600482:clu_33837 3 1914 145 depression sqtl 0.0654742 -0.16184 0.30722 0.00428686 0 0.09487 0.56109
ENSG00000010322.15__chr3:52470907:52471814:clu_34137 3 2816 145 depression sqtl 0.0204492 -0.25447 0.29005 0.000418171 0 0.10321 0.879953
ENSG00000010327.10__chr3:52513241:52513719:clu_34157 3 2831 145 depression sqtl -0.387143 -0.72653 -0.10318 0.14988 0.01084 0.52785 0.00936394
ENSG00000114209.14__chr3:167720273:167734806:clu_35365 3 4050 145 depression sqtl 0.158481 -0.11104 0.44701 0.0251163 0 0.19983 0.238492
ENSG00000114209.14__chr3:167725473:167734806:clu_35365 3 4050 145 depression sqtl 0.253806 0.00269 0.54941 0.0644173 0.00085 0.30185 0.0456405
ENSG00000114270.17__chr3:48570710:48570861:clu_33834 3 1912 145 depression sqtl -0.272509 -0.60486 0.02699 0.0742614 0 0.36586 0.0770547
ENSG00000114316.12__chr3:49293667:49294407:clu_33934 3 2058 145 depression sqtl -0.223805 -0.53016 0.05689 0.0500885 0 0.28107 0.120255
ENSG00000114316.12__chr3:49298635:49302384:clu_33936 3 2058 145 depression sqtl -0.00902451 -0.24102 0.22833 8.14418e-05 0 0.07246 0.935993
ENSG00000114316.12__chr3:49310737:49311514:clu_33938 3 2058 145 depression sqtl 0.0300651 -0.25322 0.31438 0.00090391 0 0.10987 0.826536
ENSG00000114316.12__chr3:49310737:49324702:clu_33938 3 2058 145 depression sqtl -0.191274 -0.44997 0.05043 0.0365857 0 0.20248 0.115058
ENSG00000138468.15__chr3:101493968:101501070:clu_34539 3 4102 145 depression sqtl 0.0875861 -0.22683 0.41661 0.00767133 0 0.17816 0.572316
ENSG00000164050.12__chr3:48410380:48410455:clu_33799 3 1875 145 depression sqtl -0.090587 -0.36128 0.15917 0.008206 0 0.13162 0.471919
ENSG00000164050.12__chr3:48415041:48415176:clu_33803 3 1875 145 depression sqtl 0.0132664 -0.29892 0.32358 0.000175996 0 0.12944 0.930591
ENSG00000164051.13__chr3:48433166:48433707:clu_33812 3 1889 145 depression sqtl 0.118305 -0.14818 0.39909 0.013996 0 0.15987 0.368594
ENSG00000164051.13__chr3:48435136:48439988:clu_33813 3 1889 145 depression sqtl -0.181507 -0.46555 0.07114 0.0329449 0 0.21674 0.166871
ENSG00000164053.19__chr3:48464132:48464831:clu_33823 3 1891 145 depression sqtl 0.0597332 -0.22106 0.35265 0.00356806 0 0.13045 0.661782
ENSG00000164061.4__chr3:49665318:49670473:clu_33950 3 2041 145 depression sqtl -0.632933 -1 -0.34959 0.400604 0.12221 1 6.31534e-05
ENSG00000168268.10__chr3:52524881:52524963:clu_34170 3 2832 145 depression sqtl -0.334519 -0.68011 -0.05217 0.111903 0.00368 0.46255 0.0259428
ENSG00000168268.10__chr3:52529334:52533506:clu_34173 3 2832 145 depression sqtl 0.0660596 -0.18777 0.33898 0.00436388 0 0.11642 0.60759
ENSG00000188315.7__chr3:49274140:49276427:clu_33929 3 2126 145 depression sqtl -0.497412 -0.86668 -0.19871 0.247419 0.03965 0.75114 0.00156424
ENSG00000188315.7__chr3:49274140:49276576:clu_33929 3 2126 145 depression sqtl 0.433146 0.15785 0.77518 0.187615 0.02503 0.60091 0.0025935
ENSG00000225697.12__chr3:48627052:48627946:clu_33842 3 1917 145 depression sqtl -0.074315 -0.36549 0.19063 0.00552271 0 0.138 0.585351
ENSG00000225697.12__chr3:48627055:48627946:clu_33842 3 1917 145 depression sqtl 0.0806507 -0.19292 0.36432 0.00650453 0 0.13574 0.546921
ENSG00000225697.12__chr3:48628541:48628622:clu_33843 3 1917 145 depression sqtl -0.175541 -0.49897 0.12797 0.0308146 0 0.24916 0.246282
ENSG00000225697.12__chr3:48628714:48629642:clu_33843 3 1917 145 depression sqtl 0.198005 -0.10719 0.54086 0.0392062 0 0.29253 0.192828
ENSG00000225697.12__chr3:48633635:48635371:clu_33850 3 1917 145 depression sqtl 0.0793626 -0.19027 0.35662 0.00629843 0 0.12796 0.554214
