locus chr n.snps n.pcs phen1 phen2 rho rho.lower rho.upper r2 r2.lower r2.upper p
ENSG00000136935.13__chr9:124900547:124908377:clu_45346 9 3025 145 depression sqtl -0.172835 -0.44431 0.08887 0.0298719 0 0.19741 0.188426
ENSG00000136935.13__chr9:124908472:124911901:clu_45346 9 3025 145 depression sqtl 0.168096 -0.10366 0.44231 0.0282564 0 0.19564 0.212948
ENSG00000180264.11__chr9:124458721:124466287:clu_45328 9 3399 145 depression sqtl 0.632615 0.4219 0.88834 0.400202 0.178 0.78915 7.01289e-08
ENSG00000180264.11__chr9:124468672:124469222:clu_45329 9 3399 145 depression sqtl 0.0360911 -0.25321 0.33543 0.00130257 0 0.12285 0.800838
ENSG00000185585.19__chr9:124795131:124799285:clu_45339 9 3240 145 depression sqtl 0.0453773 -0.23254 0.31991 0.0020591 0 0.10696 0.740159
