locus chr n.snps n.pcs phen1 phen2 rho rho.lower rho.upper r2 r2.lower r2.upper p
ENSG00000148834.12__chr10:104259798:104262979:clu_9167 10 3985 145 depression sqtl 0.16404 -0.03553 0.37994 0.0269091 0 0.14435 0.113227
ENSG00000148834.12__chr10:104259798:104266084:clu_9167 10 3985 145 depression sqtl -0.0406688 -0.2421 0.15344 0.00165395 0 0.061 0.679501
ENSG00000148834.12__chr10:104263077:104266084:clu_9167 10 3985 145 depression sqtl -0.171702 -0.40471 0.05573 0.0294817 0 0.16379 0.130346
