locus chr n.snps n.pcs phen1 phen2 rho rho.lower rho.upper r2 r2.lower r2.upper p
ENSG00000006704.10__chr7:74555494:74557639:clu_25642 7 1930 145 depression sqtl -0.107019 -0.38621 0.16519 0.0114531 0 0.1495 0.432303
ENSG00000006704.10__chr7:74595051:74601044:clu_25644 7 1930 145 depression sqtl -0.0475659 -0.28421 0.18603 0.00226251 0 0.08419 0.682475
ENSG00000006704.10__chr7:74601180:74602365:clu_25644 7 1930 145 depression sqtl 0.0340139 -0.17014 0.24018 0.00115695 0 0.0614 0.743187
ENSG00000009954.10__chr7:73463099:73465439:clu_25584 7 2319 145 depression sqtl -0.00643175 -0.28483 0.26762 4.13674e-05 0 0.10205 0.961921
ENSG00000049540.16__chr7:74060501:74061101:clu_25619 7 2021 145 depression sqtl 0.239642 -0.02784 0.52184 0.0574284 0 0.27232 0.0745831
ENSG00000071462.11__chr7:73687095:73690916:clu_25600 7 2292 145 depression sqtl 0.0407098 -0.2253 0.30947 0.00165729 0 0.10169 0.755542
ENSG00000106077.18__chr7:73737735:73738328:clu_25605 7 2265 145 depression sqtl -0.0507995 -0.34778 0.24545 0.00258059 0 0.12787 0.729048
ENSG00000106077.18__chr7:73738463:73738646:clu_25606 7 2265 145 depression sqtl -0.2182 -0.49428 0.03627 0.0476114 0 0.24431 0.0969737
ENSG00000106665.15__chr7:74373036:74375887:clu_25632 7 2030 145 depression sqtl 0.0872487 -0.14145 0.32074 0.00761233 0 0.10359 0.450763
ENSG00000106665.15__chr7:74386597:74389103:clu_25633 7 2030 145 depression sqtl -0.0835982 -0.37921 0.21014 0.00698866 0 0.14709 0.555723
ENSG00000106665.15__chr7:74400555:74401505:clu_25634 7 2030 145 depression sqtl -0.0165516 -0.25505 0.21694 0.000273956 0 0.07713 0.887983
ENSG00000106665.15__chr7:74401567:74403837:clu_25634 7 2030 145 depression sqtl -0.0160399 -0.2725 0.23937 0.000257279 0 0.0905 0.899407
ENSG00000106683.14__chr7:74085844:74096622:clu_25622 7 2031 145 depression sqtl 0.399401 0.11732 0.71935 0.159521 0.01388 0.51746 0.00618417
ENSG00000106683.14__chr7:74093299:74096622:clu_25622 7 2031 145 depression sqtl -0.395972 -0.65562 -0.16765 0.156794 0.02811 0.42984 0.000835324
ENSG00000122687.17__chr7:2235564:2238015:clu_24777 7 5917 145 depression sqtl -0.239553 -0.53748 0.02658 0.0573855 0 0.28888 0.0764641
ENSG00000130305.16__chr7:73304404:73304747:clu_25581 7 2414 145 depression sqtl -0.186858 -0.43041 0.03723 0.0349159 0 0.18528 0.101598
ENSG00000130305.16__chr7:73304408:73304747:clu_25581 7 2414 145 depression sqtl 0.177805 -0.04479 0.41924 0.0316146 0 0.17576 0.113296
ENSG00000130305.16__chr7:73305097:73307394:clu_25582 7 2414 145 depression sqtl 0.223822 -0.00181 0.47107 0.0500963 0 0.2219 0.0518321
ENSG00000130305.16__chr7:73307757:73308431:clu_25582 7 2414 145 depression sqtl -0.229405 -0.47389 -0.00687 0.0526264 0.00066 0.22457 0.0464357
ENSG00000146540.14__chr7:1000551:1009950:clu_24728 7 4787 145 depression sqtl 0.0251854 -0.21966 0.27638 0.000634305 0 0.08486 0.838212
ENSG00000146540.14__chr7:1127386:1137315:clu_24732 7 4787 145 depression sqtl -0.0703112 -0.27346 0.1281 0.00494367 0 0.07509 0.49025
ENSG00000164877.18__chr7:1428791:1436742:clu_24736 7 5289 145 depression sqtl 0.19003 -0.05615 0.45446 0.0361113 0 0.20653 0.135358
ENSG00000164877.18__chr7:1450288:1459184:clu_24740 7 5289 145 depression sqtl 0.0899467 -0.1769 0.35754 0.0080904 0 0.12825 0.490891
ENSG00000164877.18__chr7:1450400:1459184:clu_24740 7 5289 145 depression sqtl -0.0675696 -0.31235 0.17094 0.00456564 0 0.09919 0.573847
ENSG00000164880.15__chr7:1500366:1502901:clu_24759 7 5435 145 depression sqtl 0.0615393 -0.20075 0.3168 0.00378708 0 0.10589 0.630749
ENSG00000230487.7__chr7:1575888:1583162:clu_24765 7 5585 145 depression sqtl -0.224372 -0.47748 0.01851 0.050343 0 0.22798 0.0641036
ENSG00000263001.5__chr7:74658068:74689124:clu_25645 7 1968 145 depression sqtl -0.14928 -0.41871 0.11076 0.0222844 0 0.17532 0.25634
ENSG00000263001.5__chr7:74711109:74714860:clu_25646 7 1968 145 depression sqtl -0.139711 -0.398 0.10412 0.0195191 0 0.15842 0.255948
