locus chr n.snps n.pcs phen1 phen2 rho rho.lower rho.upper r2 r2.lower r2.upper p
ENSG00000036549.12__chr1:77633405:77639449:clu_41420 1 4171 145 depression sqtl -0.218546 -0.53301 0.06554 0.0477623 0 0.2841 0.126911
ENSG00000036549.12__chr1:77639602:77641384:clu_41420 1 4171 145 depression sqtl -0.069302 -0.38534 0.23954 0.00480277 0 0.15355 0.637478
ENSG00000036549.12__chr1:77641655:77683262:clu_41421 1 4171 145 depression sqtl -0.200129 -0.50558 0.07581 0.0400516 0 0.25561 0.152558
ENSG00000054118.13__chr1:36225102:36259382:clu_40649 1 2786 145 depression sqtl 0.330141 0.0814 0.62214 0.108993 0.00707 0.38706 0.0105708
ENSG00000077254.14__chr1:77697931:77701369:clu_41422 1 4225 145 depression sqtl 0.178035 -0.07321 0.44924 0.0316965 0 0.20212 0.160126
ENSG00000077254.14__chr1:77740939:77741376:clu_41428 1 4225 145 depression sqtl 0.14651 -0.08085 0.39489 0.0214653 0 0.15594 0.202649
ENSG00000078618.21__chr1:51823786:51827796:clu_41120 1 2905 145 depression sqtl 0.166749 -0.10154 0.45714 0.0278051 0 0.20909 0.222352
ENSG00000092847.11__chr1:35902337:35906935:clu_40634 1 2495 145 depression sqtl 0.121074 -0.12849 0.39084 0.014659 0 0.15384 0.343901
ENSG00000116783.14__chr1:74370392:74436080:clu_41395 1 3698 145 depression sqtl 0.0572635 -0.16481 0.28462 0.00327911 0 0.08348 0.615337
ENSG00000120341.18__chr1:178008149:178026155:clu_43037 1 3822 145 depression sqtl 0.0875126 -0.22473 0.41393 0.00765846 0 0.17428 0.570756
ENSG00000120341.18__chr1:178022668:178026155:clu_43037 1 3822 145 depression sqtl 0.00328716 -0.3273 0.33529 1.08054e-05 0 0.14286 0.983308
ENSG00000121310.16__chr1:52897484:52899174:clu_41160 1 3765 145 depression sqtl -0.0784746 -0.34246 0.18378 0.00615827 0 0.1189 0.539886
ENSG00000121310.16__chr1:52904833:52905034:clu_41161 1 3765 145 depression sqtl -0.0653405 -0.37422 0.22709 0.00426938 0 0.14308 0.654853
ENSG00000121310.16__chr1:52906611:52907868:clu_41161 1 3765 145 depression sqtl 0.104627 -0.20357 0.42104 0.0109469 0 0.17853 0.4916
ENSG00000121310.16__chr1:52907762:52907868:clu_41161 1 3765 145 depression sqtl 0.15845 -0.07053 0.3979 0.0251064 0 0.15833 0.164295
ENSG00000132122.11__chr1:48264814:48305787:clu_41074 1 3414 145 depression sqtl -0.161912 -0.46026 0.11966 0.0262156 0 0.21184 0.257054
ENSG00000134686.18__chr1:33375593:33430976:clu_40581 1 3888 145 depression sqtl -0.235772 -0.54267 0.04411 0.0555885 0 0.29449 0.0983068
ENSG00000134744.13__chr1:52463777:52465070:clu_41150 1 3438 145 depression sqtl -0.105441 -0.36266 0.14121 0.0111177 0 0.13174 0.403888
ENSG00000154222.14__chr1:52361132:52361478:clu_41139 1 3521 145 depression sqtl 0.207682 -0.01963 0.45529 0.0431319 0 0.20729 0.0820777
ENSG00000154222.14__chr1:52361132:52361513:clu_41139 1 3521 145 depression sqtl -0.21331 -0.48066 0.04136 0.0455013 0 0.23103 0.0987497
ENSG00000183431.11__chr1:37958263:37960120:clu_40701 1 4338 145 depression sqtl 0.24192 -0.03503 0.53289 0.0585254 0 0.28397 0.0828171
ENSG00000185104.19__chr1:50596216:50655442:clu_41085 1 2699 145 depression sqtl 0.0693004 -0.14512 0.29383 0.00480255 0 0.08664 0.529766
ENSG00000203724.10__chr1:197903119:197905796:clu_43208 1 3635 145 depression sqtl -0.0982122 -0.34884 0.14703 0.00964564 0 0.12174 0.418753
ENSG00000204084.12__chr1:37868614:37872930:clu_40692 1 4339 145 depression sqtl 0.240867 0.01913 0.49529 0.0580171 0.00117 0.24531 0.039914
