locus chr n.snps n.pcs phen1 phen2 rho rho.lower rho.upper r2 r2.lower r2.upper p
ENSG00000070010.18__chr22:19475602:19478825:clu_21765 22 3824 145 depression sqtl -0.0533426 -0.27929 0.17071 0.00284544 0 0.08078 0.629524
ENSG00000070371.15__chr22:19187728:19187981:clu_21745 22 3545 145 depression sqtl 0.187888 -0.06411 0.45861 0.0353018 0 0.21032 0.137109
ENSG00000070371.15__chr22:19201493:19208922:clu_21746 22 3545 145 depression sqtl 0.187862 -0.05069 0.45179 0.0352921 0 0.20411 0.119978
ENSG00000070413.19__chr22:19065058:19068100:clu_21736 22 3288 145 depression sqtl 0.0275158 -0.20306 0.26482 0.000757118 0 0.07831 0.809405
ENSG00000070413.19__chr22:19065067:19068100:clu_21736 22 3288 145 depression sqtl -0.0404519 -0.27145 0.19031 0.00163636 0 0.07898 0.719404
ENSG00000100056.11__chr22:19142894:19144506:clu_21740 22 3288 145 depression sqtl 0.163819 -0.09765 0.45009 0.0268366 0 0.20258 0.217786
ENSG00000100075.9__chr22:19177204:19177727:clu_21742 22 3324 145 depression sqtl -0.321344 -0.62268 -0.06267 0.103262 0.0044 0.38773 0.0187243
ENSG00000100372.14__chr22:40794580:40799023:clu_22532 22 2697 145 depression sqtl -0.264735 -0.51565 -0.02239 0.0700844 0.00145 0.26589 0.0286851
ENSG00000100393.12__chr22:41141222:41146739:clu_22538 22 2915 145 depression sqtl -0.0788292 -0.31878 0.16099 0.00621404 0 0.1024 0.514687
ENSG00000100401.19__chr22:41254494:41256021:clu_22551 22 2989 145 depression sqtl 0.127377 -0.15344 0.41458 0.0162248 0 0.17241 0.358603
ENSG00000100401.19__chr22:41264843:41268097:clu_22552 22 2989 145 depression sqtl -0.0865192 -0.37976 0.20431 0.00748558 0 0.14491 0.540762
ENSG00000184470.20__chr22:19895320:19895407:clu_21775 22 4818 145 depression sqtl 0.0012397 -0.29934 0.30849 1.53685e-06 0 0.1231 0.993367
