locus chr n.snps n.pcs phen1 phen2 rho rho.lower rho.upper r2 r2.lower r2.upper p
ENSG00000022840.15__chr12:120566980:120571191:clu_4569 12 4546 145 depression sqtl 0.315418 0.07229 0.56728 0.0994883 0.00528 0.32181 0.012033
ENSG00000076513.16__chr12:110018488:110019139:clu_4280 12 3579 145 depression sqtl 0.270234 0.05028 0.51791 0.0730265 0.00321 0.26824 0.0173879
ENSG00000089154.10__chr12:120145061:120145262:clu_4532 12 4661 145 depression sqtl -0.350946 -0.59972 -0.11923 0.123163 0.01432 0.35966 0.00399767
ENSG00000089159.16__chr12:120215417:120221623:clu_4549 12 4671 145 depression sqtl 0.175157 -0.10637 0.46912 0.0306798 0 0.22008 0.218657
ENSG00000110871.14__chr12:120522363:120528940:clu_4566 12 4546 145 depression sqtl 0.045044 -0.22332 0.31008 0.00202896 0 0.10075 0.729491
ENSG00000110871.14__chr12:120527378:120528940:clu_4566 12 4546 145 depression sqtl 0.0536283 -0.17731 0.28549 0.00287599 0 0.08511 0.641861
ENSG00000110958.15__chr12:56664800:56666204:clu_3562 12 2496 145 depression sqtl -0.0658542 -0.36029 0.22684 0.00433677 0 0.13658 0.646913
ENSG00000111361.12__chr12:123624923:123626425:clu_4743 12 4315 145 depression sqtl -0.249726 -0.59126 0.05532 0.062363 0 0.34959 0.109998
ENSG00000122970.15__chr12:110143545:110146953:clu_4289 12 3442 145 depression sqtl -0.0611382 -0.33983 0.22262 0.00373787 0 0.12002 0.65383
ENSG00000135127.11__chr12:120072729:120080887:clu_4523 12 4524 145 depression sqtl 0.236529 0.02003 0.47328 0.0559459 0.00129 0.22399 0.0360285
ENSG00000139433.9__chr12:109857659:109857855:clu_4264 12 3718 145 depression sqtl 0.00348145 -0.24537 0.24701 1.21205e-05 0 0.0794 0.9769
ENSG00000139433.9__chr12:109857659:109858683:clu_4264 12 3718 145 depression sqtl 0.00660931 -0.29331 0.30634 4.3683e-05 0 0.12341 0.96374
ENSG00000139436.20__chr12:109933190:109938380:clu_4271 12 3582 145 depression sqtl 0.0540381 -0.2218 0.35046 0.00292012 0 0.12689 0.690956
ENSG00000168778.11__chr12:123699810:123704532:clu_4752 12 4378 145 depression sqtl 0.0326736 -0.20642 0.26713 0.00106756 0 0.08051 0.773818
ENSG00000175970.10__chr12:120711745:120713274:clu_4575 12 4486 145 depression sqtl 0.0083092 -0.22339 0.23979 6.90427e-05 0 0.07074 0.942579
ENSG00000185046.18__chr12:98745846:98751355:clu_4039 12 3996 145 depression sqtl 0.173117 -0.09666 0.48063 0.0299694 0 0.23121 0.21392
ENSG00000196531.10__chr12:56724549:56725263:clu_3564 12 2509 145 depression sqtl 0.153181 -0.11487 0.45513 0.0234645 0 0.20715 0.258845
ENSG00000257218.5__chr12:120446829:120454933:clu_4561 12 4604 145 depression sqtl -0.16038 -0.41328 0.08317 0.0257219 0 0.1708 0.192273
ENSG00000257218.5__chr12:120446829:120457076:clu_4561 12 4604 145 depression sqtl 0.0367239 -0.2136 0.28643 0.00134864 0 0.08908 0.76493
ENSG00000257218.5__chr12:120455030:120457076:clu_4561 12 4604 145 depression sqtl 0.128512 -0.09128 0.36413 0.0165154 0 0.13259 0.250921
