locus chr n.snps n.pcs phen1 phen2 rho rho.lower rho.upper r2 r2.lower r2.upper p
ENSG00000115392.11__chr2:58222042:58226728:clu_36759 2 4034 145 depression sqtl -0.215502 -0.4332 -0.01092 0.0464412 0.00073 0.18766 0.0429898
ENSG00000115392.11__chr2:58226784:58229814:clu_36759 2 4034 145 depression sqtl 0.0421031 -0.19947 0.28942 0.00177267 0 0.08734 0.729023
ENSG00000115919.14__chr2:143033321:143040428:clu_37831 2 4127 145 depression sqtl -0.242707 -0.55004 0.04371 0.0589068 0 0.30255 0.0998638
ENSG00000153250.19__chr2:160282304:160284775:clu_37984 2 4388 145 depression sqtl -0.024613 -0.27353 0.21913 0.000605799 0 0.08489 0.840758
