locus chr n.snps n.pcs phen1 phen2 rho rho.lower rho.upper r2 r2.lower r2.upper p
ENSG00000141542.10__chr17:82661047:82664496:clu_12532 17 3228 145 depression sqtl -0.185492 -0.45057 0.04869 0.0344072 0 0.20301 0.128656
ENSG00000141542.10__chr17:82664556:82698455:clu_12531 17 3228 145 depression sqtl 0.39407 0.09318 0.76719 0.155291 0.00913 0.58858 0.0120809
ENSG00000169689.14__chr17:82019381:82019641:clu_12438 17 4850 145 depression sqtl -0.251718 -0.52664 0.00837 0.063362 0 0.27735 0.0538141
ENSG00000169696.15__chr17:81982676:81983554:clu_12429 17 4887 145 depression sqtl 0.130882 -0.08889 0.36423 0.0171302 0 0.13267 0.242508
ENSG00000169710.8__chr17:82096452:82098121:clu_12474 17 4869 145 depression sqtl 0.125917 -0.09429 0.36063 0.0158551 0 0.13006 0.260772
ENSG00000169718.17__chr17:82060783:82060865:clu_12459 17 4893 145 depression sqtl -0.0776233 -0.31141 0.14865 0.00602538 0 0.0986 0.493418
ENSG00000169727.12__chr17:82053366:82053868:clu_12452 17 4897 145 depression sqtl -0.230576 -0.50296 0.02505 0.0531655 0 0.25297 0.076512
ENSG00000169733.11__chr17:82049842:82049918:clu_12448 17 4892 145 depression sqtl -0.237538 -0.53254 0.03725 0.0564244 0 0.2836 0.0870395
ENSG00000169733.11__chr17:82050006:82050402:clu_12448 17 4892 145 depression sqtl 0.23049 -0.04165 0.52109 0.0531258 0 0.27154 0.0985188
ENSG00000169738.7__chr17:82037547:82037631:clu_12447 17 4879 145 depression sqtl 0.106072 -0.12843 0.35498 0.0112514 0 0.12658 0.367636
ENSG00000176155.18__chr17:82157948:82160615:clu_12478 17 4529 145 depression sqtl -0.0686962 -0.35689 0.2087 0.00471917 0 0.13101 0.609518
ENSG00000176155.18__chr17:82163357:82171701:clu_12479 17 4529 145 depression sqtl -0.0832473 -0.41095 0.23323 0.00693012 0 0.17763 0.58414
ENSG00000176155.18__chr17:82208048:82212785:clu_12485 17 4529 145 depression sqtl -0.122825 -0.41133 0.15221 0.0150861 0 0.16919 0.352596
ENSG00000182446.13__chr17:81559416:81560582:clu_12379 17 5058 145 depression sqtl -0.0880129 -0.33257 0.14529 0.00774626 0 0.1119 0.444065
ENSG00000182446.13__chr17:81559416:81565505:clu_12379 17 5058 145 depression sqtl 0.145231 -0.08692 0.39926 0.021092 0 0.15944 0.216556
ENSG00000182446.13__chr17:81563979:81565505:clu_12379 17 5058 145 depression sqtl 0.364322 0.07806 0.69819 0.13273 0.007 0.48748 0.0158474
ENSG00000182446.13__chr17:81608822:81610210:clu_12381 17 5058 145 depression sqtl -0.25159 -0.57549 0.0402 0.0632974 0 0.33118 0.0900436
ENSG00000183048.11__chr17:81713506:81714953:clu_12401 17 5012 145 depression sqtl -0.455378 -0.78637 -0.17815 0.207369 0.03175 0.61838 0.00258393
ENSG00000185359.12__chr17:81693965:81694256:clu_12393 17 5051 145 depression sqtl 0.325251 0.07506 0.59813 0.105788 0.0061 0.35776 0.0112253
ENSG00000185359.12__chr17:81693965:81694815:clu_12393 17 5051 145 depression sqtl -0.326164 -0.60031 -0.0765 0.106383 0.00618 0.36037 0.012295
ENSG00000185813.10__chr17:81905154:81905382:clu_12418 17 4916 145 depression sqtl -0.229638 -0.48245 0.00186 0.0527336 0 0.23275 0.0569246
ENSG00000185813.10__chr17:81905735:81906100:clu_12418 17 4916 145 depression sqtl 0.336671 0.05597 0.64327 0.113347 0.00354 0.4138 0.0190904
ENSG00000214087.8__chr17:81682675:81683013:clu_12384 17 5050 145 depression sqtl -0.0504439 -0.31386 0.20902 0.00254459 0 0.10346 0.694965
ENSG00000214087.8__chr17:81683126:81683536:clu_12384 17 5050 145 depression sqtl 0.134606 -0.15804 0.43028 0.0181188 0 0.18558 0.355981
