locus chr n.snps n.pcs phen1 phen2 rho rho.lower rho.upper r2 r2.lower r2.upper p
ENSG00000103342.12__chr16:11898035:11915369:clu_13200 16 6513 145 depression sqtl 0.35018 0.06846 0.68825 0.122626 0.00493 0.47368 0.0165828
ENSG00000103429.10__chr16:14644609:14649804:clu_13226 16 2815 145 depression sqtl -0.344425 -0.64476 -0.07464 0.118628 0.00607 0.41572 0.0139527
ENSG00000205423.11__chr16:50026467:50033397:clu_13855 16 3997 145 depression sqtl -0.140022 -0.47986 0.16827 0.0196062 0 0.2303 0.370508
