locus chr n.snps n.pcs phen1 phen2 rho rho.lower rho.upper r2 r2.lower r2.upper p
ENSG00000138674.16__chr4:82862572:82863318:clu_32151 4 4551 145 depression sqtl -0.0154868 -0.30295 0.26868 0.00023984 0 0.11229 0.912736
ENSG00000163312.10__chr4:83443614:83446014:clu_32176 4 4303 145 depression sqtl -0.290081 -0.61852 -0.00501 0.0841468 0.00149 0.38257 0.0455567
ENSG00000163312.10__chr4:83446086:83448783:clu_32177 4 4303 145 depression sqtl -0.297247 -0.58582 -0.05371 0.0883558 0.00354 0.34319 0.0203395
ENSG00000163312.10__chr4:83453945:83455508:clu_32179 4 4303 145 depression sqtl 0.208048 -0.0357 0.47788 0.0432839 0 0.2288 0.0921192
ENSG00000164024.11__chr4:99034342:99035400:clu_32306 4 5255 145 depression sqtl -0.263362 -0.58264 0.02908 0.0693595 0 0.33947 0.0711327
ENSG00000173085.13__chr4:83272167:83273496:clu_32169 4 4391 145 depression sqtl 0.0374748 -0.26108 0.34482 0.00140436 0 0.13092 0.801919
