locus chr n.snps n.pcs phen1 phen2 rho rho.lower rho.upper r2 r2.lower r2.upper p
ENSG00000075413.17__chr14:103428440:103451918:clu_16667 14 4639 117 depression sqtl -0.0479668 -0.31358 0.22309 0.00230081 0 0.1035 0.716638
ENSG00000131323.14__chr14:102889634:102891325:clu_16652 14 4363 117 depression sqtl -0.113178 -0.3682 0.13248 0.0128093 0 0.13565 0.345209
ENSG00000256053.7__chr14:103574170:103587274:clu_16677 14 4640 117 depression sqtl -0.101814 -0.37006 0.1669 0.0103662 0 0.1377 0.43257
