locus chr n.snps n.pcs phen1 phen2 rho rho.lower rho.upper r2 r2.lower r2.upper p
ENSG00000100664.10__chr14:103334597:103335653:clu_19646 14 4620 141 depression sqtl -0.249693 -0.56977 0.02579 0.0623464 0 0.32482 0.0815287
ENSG00000100711.13__chr14:103726842:103727559:clu_19668 14 4745 141 depression sqtl -0.169984 -0.43565 0.08215 0.0288945 0 0.18979 0.175321
ENSG00000100711.13__chr14:103726842:103727746:clu_19668 14 4745 141 depression sqtl 0.162647 -0.11903 0.45855 0.026454 0 0.21027 0.241574
ENSG00000100711.13__chr14:103727914:103728065:clu_19667 14 4745 141 depression sqtl -0.125987 -0.36283 0.09801 0.0158727 0 0.13178 0.257255
ENSG00000100711.13__chr14:103728149:103728908:clu_19667 14 4745 141 depression sqtl -0.265073 -0.56678 0.01369 0.0702636 0 0.32124 0.0577185
ENSG00000126214.21__chr14:103679518:103685638:clu_19660 14 4639 141 depression sqtl 0.160592 -0.06577 0.40235 0.0257898 0 0.16189 0.158401
ENSG00000166166.12__chr14:103530309:103532582:clu_19655 14 4599 141 depression sqtl -0.12737 -0.44136 0.15953 0.0162231 0 0.19519 0.380675
ENSG00000198752.10__chr14:102940488:102940954:clu_19634 14 4449 141 depression sqtl 0.0593622 -0.2387 0.35433 0.00352388 0 0.13284 0.679463
ENSG00000198752.10__chr14:102944487:102945174:clu_19635 14 4449 141 depression sqtl -0.173276 -0.50244 0.12701 0.0300247 0 0.25245 0.257419
ENSG00000198752.10__chr14:102944487:102945662:clu_19635 14 4449 141 depression sqtl 0.16761 -0.11713 0.46498 0.028093 0 0.21628 0.245738
