locus chr n.snps n.pcs phen1 phen2 rho rho.lower rho.upper r2 r2.lower r2.upper p
ENSG00000078725.12__chr9:119168224:119208719:clu_45527 9 3852 135 depression sqtl 0.231291 -0.03899 0.51363 0.0534954 0 0.26381 0.0922201
ENSG00000136930.12__chr9:124384656:124405317:clu_45652 9 3415 135 depression sqtl 0.140733 -0.14952 0.43724 0.0198059 0 0.19118 0.33608
ENSG00000136930.12__chr9:124405432:124412352:clu_45652 9 3415 135 depression sqtl -0.120318 -0.40832 0.16026 0.0144765 0 0.16687 0.389902
ENSG00000136935.13__chr9:124912026:124921129:clu_45669 9 3011 135 depression sqtl 0.143348 -0.10253 0.4002 0.0205488 0 0.16031 0.251582
ENSG00000136935.13__chr9:124928285:124929216:clu_45671 9 3011 135 depression sqtl -0.10549 -0.39163 0.1645 0.0111281 0 0.15416 0.435033
ENSG00000148219.16__chr9:116975333:116976114:clu_45522 9 4928 135 depression sqtl -0.202044 -0.5122 0.08825 0.0408216 0 0.26235 0.157818
ENSG00000148219.16__chr9:116975345:116976114:clu_45522 9 4928 135 depression sqtl 0.245703 -0.05653 0.56789 0.0603702 0 0.3225 0.105679
