locus chr n.snps n.pcs phen1 phen2 rho rho.lower rho.upper r2 r2.lower r2.upper p
ENSG00000115233.11__chr2:161395203:161408837:clu_39319 2 3690 117 depression sqtl -0.0571345 -0.31775 0.19133 0.00326435 0 0.10418 0.642983
ENSG00000115392.11__chr2:58204226:58221942:clu_38054 2 4032 117 depression sqtl 0.0471733 -0.2298 0.32236 0.00222532 0 0.10933 0.726124
ENSG00000115392.11__chr2:58226784:58229814:clu_38054 2 4032 117 depression sqtl -0.118802 -0.40807 0.15543 0.0141139 0 0.16682 0.388976
ENSG00000121964.14__chr2:143970762:144141882:clu_39152 2 2891 117 depression sqtl -0.127994 -0.33025 0.06762 0.0163825 0 0.10906 0.19751
ENSG00000136560.13__chr2:161160486:161161285:clu_39314 2 3762 117 depression sqtl 0.0162866 -0.29412 0.32709 0.000265255 0 0.12936 0.913386
ENSG00000153246.12__chr2:159977397:159979830:clu_39306 2 4997 117 depression sqtl -0.254523 -0.57163 0.04021 0.064782 0 0.32676 0.080997
ENSG00000153246.12__chr2:159977416:159979830:clu_39306 2 4997 117 depression sqtl 0.233788 -0.04967 0.54219 0.0546566 0 0.29397 0.103544
ENSG00000179915.22__chr2:50506617:50531227:clu_37974 2 4898 117 depression sqtl 0.169898 -0.08017 0.41607 0.0288652 0 0.17311 0.172182
