locus chr n.snps n.pcs phen1 phen2 rho rho.lower rho.upper r2 r2.lower r2.upper p
ENSG00000025423.11__chr12:56752581:56763198:clu_3527 12 2517 135 depression sqtl -0.276089 -0.60517 0.0188 0.0762249 0 0.36623 0.0602399
ENSG00000025423.11__chr12:56763414:56781974:clu_3527 12 2517 135 depression sqtl -0.348158 -0.66368 -0.08002 0.121214 0.00663 0.44047 0.011196
ENSG00000073060.15__chr12:124800242:124807761:clu_4735 12 5384 135 depression sqtl 0.162515 -0.14286 0.48098 0.0264112 0 0.23134 0.284516
ENSG00000089041.16__chr12:121156147:121160902:clu_4534 12 4538 135 depression sqtl -0.250449 -0.60621 0.06962 0.0627245 0 0.36748 0.117622
ENSG00000119242.8__chr12:123944364:123944669:clu_4708 12 4775 135 depression sqtl 0.157347 -0.17264 0.50074 0.0247581 0 0.25077 0.328971
ENSG00000119242.8__chr12:123944740:123945704:clu_4708 12 4775 135 depression sqtl 0.308371 0.0516 0.61163 0.0950929 0.00349 0.37409 0.0201371
ENSG00000119242.8__chr12:123945800:123972529:clu_4708 12 4775 135 depression sqtl 0.278395 0.0409 0.56621 0.0775036 0.00234 0.32059 0.02418
ENSG00000122970.15__chr12:110163065:110167871:clu_4205 12 3444 135 depression sqtl 0.336603 0.03934 0.66406 0.113302 0.00266 0.44097 0.0266536
ENSG00000122970.15__chr12:110216833:110218044:clu_4206 12 3444 135 depression sqtl 0.129099 -0.17404 0.45119 0.0166664 0 0.20434 0.400457
ENSG00000135097.6__chr12:120359053:120363043:clu_4498 12 4595 135 depression sqtl -0.282971 -0.53159 -0.05244 0.0800725 0.00311 0.28259 0.0177535
ENSG00000150990.7__chr12:124975511:124977342:clu_4749 12 5436 135 depression sqtl -0.177534 -0.49384 0.12414 0.0315184 0 0.24388 0.241944
ENSG00000168778.11__chr12:123692723:123695220:clu_4698 12 4378 135 depression sqtl -0.0360607 -0.29353 0.21968 0.00130038 0 0.09329 0.775126
ENSG00000174456.13__chr12:110042459:110044420:clu_4228 12 3512 135 depression sqtl 0.122102 -0.14835 0.40999 0.0149089 0 0.16868 0.371264
ENSG00000196498.13__chr12:124374463:124378237:clu_4724 12 5222 135 depression sqtl 0.00960973 -0.27483 0.28494 9.23469e-05 0 0.10821 0.94322
ENSG00000257218.5__chr12:120455030:120457076:clu_4502 12 4604 135 depression sqtl 0.0262629 -0.24357 0.29755 0.00068974 0 0.09947 0.842204
