locus chr n.snps n.pcs phen1 phen2 rho rho.lower rho.upper r2 r2.lower r2.upper p
ENSG00000058600.15__chr16:22297537:22302931:clu_13449 16 2205 135 depression sqtl 0.0757652 -0.21991 0.38381 0.00574037 0 0.15205 0.606481
ENSG00000058600.15__chr16:22317206:22318826:clu_13454 16 2205 135 depression sqtl -0.32052 -0.65742 -0.02343 0.102733 0.00202 0.4322 0.0319594
ENSG00000103429.10__chr16:14649973:14655066:clu_13263 16 2815 135 depression sqtl -0.121533 -0.41332 0.15225 0.0147702 0 0.17104 0.386382
ENSG00000186260.16__chr16:14240484:14245528:clu_13250 16 4058 135 depression sqtl 0.260702 0.03594 0.49051 0.0679655 0.00197 0.2406 0.0228562
