locus chr n.snps n.pcs phen1 phen2 rho rho.lower rho.upper r2 r2.lower r2.upper p
ENSG00000117020.16__chr1:243664883:243695591:clu_38382 1 3566 101 depression sqtl 0.00242096 -0.28098 0.28998 5.86106e-06 0 0.10652 0.985809
ENSG00000134744.13__chr1:52461769:52465070:clu_35913 1 3439 101 depression sqtl 0.296502 0.08882 0.51966 0.0879134 0.0079 0.27005 0.00748431
ENSG00000152092.15__chr1:176876637:176882859:clu_37586 1 3856 101 depression sqtl 0.00674492 -0.19659 0.21324 4.54939e-05 0 0.05565 0.94698
ENSG00000152760.9__chr1:66776403:66777251:clu_36088 1 4623 101 depression sqtl -0.279113 -0.51077 -0.06569 0.0779043 0.00449 0.26088 0.0119254
ENSG00000162373.12__chr1:48742771:48758900:clu_35864 1 2990 101 depression sqtl 0.358969 0.06573 0.67711 0.128859 0.00538 0.45847 0.017883
ENSG00000162374.16__chr1:50145197:50177089:clu_35868 1 2071 101 depression sqtl 0.0463246 -0.20054 0.29776 0.00214597 0 0.0954 0.69809
ENSG00000162374.16__chr1:50177192:50193765:clu_35868 1 2071 101 depression sqtl -0.0526256 -0.3003 0.19432 0.00276946 0 0.09338 0.659655
ENSG00000162374.16__chr1:50197467:50200851:clu_35869 1 2071 101 depression sqtl 0.466922 0.21945 0.76703 0.218016 0.04816 0.58833 0.000501921
ENSG00000163879.10__chr1:37559496:37561557:clu_35484 1 4059 101 depression sqtl -0.0448213 -0.28944 0.19439 0.00200895 0 0.08882 0.710925
ENSG00000171735.18__chr1:7747781:7749771:clu_34652 1 4492 101 depression sqtl 0.530889 0.27482 0.85349 0.281843 0.07552 0.72844 0.000186321
ENSG00000172260.14__chr1:71611146:71698008:clu_36142 1 3562 101 depression sqtl -0.0651642 -0.28247 0.15097 0.00424638 0 0.0802 0.550712
ENSG00000172260.14__chr1:71698139:71776172:clu_36142 1 3562 101 depression sqtl 0.0369574 -0.17971 0.25849 0.00136585 0 0.06964 0.735879
ENSG00000187815.9__chr1:40477894:40479036:clu_35590 1 4592 101 depression sqtl -0.152915 -0.4178 0.10165 0.023383 0 0.17456 0.234415
ENSG00000198797.6__chr1:177171732:177209597:clu_37593 1 3851 101 depression sqtl 0.22517 -0.02737 0.48469 0.0507016 0 0.23492 0.0810043
