locus chr n.snps n.pcs phen1 phen2 rho rho.lower rho.upper r2 r2.lower r2.upper p
ENSG00000107957.16__chr10:103661114:103668608:clu_6928 10 3618 75 depression sqtl 0.0118481 -0.1981 0.2172 0.000140378 0 0.05666 0.907828
ENSG00000171811.13__chr10:132834775:132835304:clu_7235 10 4487 75 depression sqtl 0.0568887 -0.29035 0.39307 0.00323632 0 0.16919 0.727075
ENSG00000197748.12__chr10:104132196:104133620:clu_6939 10 3943 75 depression sqtl -0.225865 -0.43195 -0.02387 0.051015 0.00096 0.18658 0.0326608
