locus chr n.snps n.pcs phen1 phen2 rho rho.lower rho.upper r2 r2.lower r2.upper p
ENSG00000131748.15__chr17:39657839:39657973:clu_10227 17 3512 117 depression sqtl -0.165455 -0.49032 0.13201 0.0273753 0 0.24042 0.263226
ENSG00000141552.17__chr17:81891841:81894467:clu_11627 17 4932 117 depression sqtl 0.171291 -0.118 0.48343 0.0293407 0 0.2337 0.222881
ENSG00000141552.17__chr17:81893614:81894467:clu_11627 17 4932 117 depression sqtl -0.195614 -0.4766 0.06034 0.0382647 0 0.22715 0.126268
ENSG00000169710.8__chr17:82093771:82095320:clu_11685 17 4873 117 depression sqtl -0.0216252 -0.31403 0.26542 0.000467651 0 0.11352 0.880391
ENSG00000169733.11__chr17:82049842:82050402:clu_11664 17 4896 117 depression sqtl 0.0734465 -0.21319 0.36134 0.00539439 0 0.13383 0.60311
ENSG00000169738.7__chr17:82037541:82037631:clu_11662 17 4883 117 depression sqtl -0.376349 -0.74922 -0.06926 0.141639 0.00564 0.56133 0.0205021
