locus chr n.snps n.pcs phen1 phen2 rho rho.lower rho.upper r2 r2.lower r2.upper p
ENSG00000025423.11__chr12:56752581:56763218:clu_3499 12 2517 137 depression sqtl 0.00614077 -0.27351 0.27745 3.7709e-05 0 0.10607 0.963013
ENSG00000076513.16__chr12:110019328:110024046:clu_4194 12 3578 137 depression sqtl 0.189681 -0.06862 0.45944 0.0359789 0 0.21108 0.143043
ENSG00000076513.16__chr12:110024112:110025742:clu_4194 12 3578 137 depression sqtl -0.0688156 -0.29859 0.14903 0.00473558 0 0.0905 0.529413
ENSG00000076513.16__chr12:110033957:110036261:clu_4200 12 3578 137 depression sqtl -0.138562 -0.41413 0.1206 0.0191995 0 0.17151 0.29474
ENSG00000089159.16__chr12:120215273:120221623:clu_4459 12 4671 137 depression sqtl -0.317786 -0.62131 -0.04745 0.100988 0.00321 0.38603 0.0271694
ENSG00000089159.16__chr12:120215661:120215930:clu_4459 12 4671 137 depression sqtl -0.261852 -0.54497 0.01075 0.0685663 0 0.29699 0.0557489
ENSG00000110917.7__chr12:120687531:120694091:clu_4485 12 4475 137 depression sqtl -0.127314 -0.34081 0.08923 0.0162089 0 0.1162 0.238212
ENSG00000122971.8__chr12:120737988:120738280:clu_4489 12 4471 137 depression sqtl -0.110008 -0.30852 0.08841 0.0121017 0 0.09552 0.25888
ENSG00000136021.18__chr12:100291660:100298031:clu_3998 12 4299 137 depression sqtl -0.114025 -0.39785 0.15172 0.0130018 0 0.15914 0.393337
ENSG00000139437.17__chr12:109915546:109916008:clu_4186 12 3698 137 depression sqtl -0.195365 -0.45935 0.04239 0.0381676 0 0.211 0.105401
ENSG00000139437.17__chr12:109915546:109916591:clu_4186 12 3698 137 depression sqtl 0.159985 -0.11057 0.43984 0.0255954 0 0.19419 0.231518
ENSG00000139767.8__chr12:119130834:119145381:clu_4415 12 4732 137 depression sqtl 0.0703894 -0.20011 0.34563 0.00495467 0 0.12263 0.587968
ENSG00000168778.11__chr12:123692723:123694842:clu_4665 12 4378 137 depression sqtl 0.180857 -0.06958 0.45465 0.0327094 0 0.20671 0.157712
ENSG00000198056.13__chr12:56739363:56741435:clu_3498 12 2517 137 depression sqtl -0.162953 -0.44919 0.09354 0.0265538 0 0.20181 0.203991
ENSG00000257218.5__chr12:120446829:120454933:clu_4469 12 4604 137 depression sqtl 0.314617 0.07557 0.57937 0.0989838 0.00596 0.33567 0.0130512
