locus chr n.snps n.pcs phen1 phen2 rho rho.lower rho.upper r2 r2.lower r2.upper p
ENSG00000049089.13__chr1:40315664:40316651:clu_30814 1 4344 75 depression sqtl -0.0863582 -0.35762 0.18029 0.00745774 0 0.12992 0.515225
ENSG00000116783.14__chr1:74201410:74204391:clu_31304 1 3676 75 depression sqtl 0.130426 -0.10685 0.3629 0.017011 0 0.13177 0.271909
ENSG00000143207.19__chr1:176135086:176149006:clu_32574 1 3962 75 depression sqtl 0.103198 -0.18106 0.39435 0.0106498 0 0.15672 0.453936
ENSG00000157077.14__chr1:52337934:52340126:clu_31093 1 3361 75 depression sqtl 0.713052 0.44239 1 0.508443 0.19571 1 1.89184e-05
ENSG00000157077.14__chr1:52340231:52344768:clu_31093 1 3361 75 depression sqtl -0.650579 -1 -0.39082 0.423253 0.15274 1 1.63777e-05
ENSG00000254685.6__chr1:74201410:74204391:clu_31304 1 3611 75 depression sqtl 0.136001 -0.09339 0.36753 0.0184964 0 0.13508 0.246581
