locus chr n.snps n.pcs phen1 phen2 rho rho.lower rho.upper r2 r2.lower r2.upper p
ENSG00000110871.14__chr12:120522363:120526457:clu_4363 12 4545 117 depression sqtl -0.372831 -0.66705 -0.11871 0.139003 0.01417 0.44495 0.00569862
ENSG00000111445.13__chr12:118018053:118019072:clu_4277 12 5013 117 depression sqtl -0.920528 -1 -0.67385 0.847371 0.45407 1 7.49631e-09
ENSG00000122970.15__chr12:110209216:110218044:clu_4096 12 3444 117 depression sqtl 0.134399 -0.12545 0.41064 0.0180631 0 0.16877 0.30644
ENSG00000157782.9__chr12:120650682:120659878:clu_4371 12 4442 117 depression sqtl -0.212933 -0.46409 0.02752 0.0453404 0 0.21538 0.0833995
ENSG00000157782.9__chr12:120659908:120660196:clu_4371 12 4442 117 depression sqtl 0.0164971 -0.23239 0.25924 0.000272156 0 0.07938 0.892782
ENSG00000174456.13__chr12:110044533:110048363:clu_4088 12 3512 117 depression sqtl -0.130768 -0.40176 0.12696 0.0171003 0 0.16172 0.307705
ENSG00000257218.5__chr12:120455030:120457076:clu_4356 12 4603 117 depression sqtl 0.320249 0.08541 0.57754 0.102559 0.0074 0.33355 0.00984258
