locus chr n.snps n.pcs phen1 phen2 rho rho.lower rho.upper r2 r2.lower r2.upper p
ENSG00000076513.16__chr12:110019328:110024046:clu_3904 12 3578 117 depression sqtl -0.319663 -0.61176 -0.05742 0.102185 0.00396 0.37425 0.0189451
ENSG00000076513.16__chr12:110024112:110025742:clu_3904 12 3578 117 depression sqtl 0.338954 0.06413 0.64268 0.11489 0.00502 0.41303 0.0155508
ENSG00000088986.10__chr12:120488653:120496416:clu_4173 12 4585 117 depression sqtl -0.0174357 -0.31901 0.26957 0.000304002 0 0.11929 0.903859
ENSG00000122966.15__chr12:119708318:119710251:clu_4126 12 4454 117 depression sqtl -0.0329163 -0.36447 0.29166 0.00108348 0 0.14932 0.835854
ENSG00000122966.15__chr12:119711093:119712178:clu_4127 12 4454 117 depression sqtl -0.102873 -0.39584 0.17636 0.0105828 0 0.15864 0.455966
ENSG00000122970.15__chr12:110143545:110146953:clu_3913 12 3441 117 depression sqtl -0.229059 -0.53121 0.05212 0.052468 0 0.28249 0.108321
ENSG00000122970.15__chr12:110203950:110205443:clu_3916 12 3441 117 depression sqtl -0.305198 -0.62188 -0.03506 0.0931456 0.00223 0.38674 0.0310582
ENSG00000136021.18__chr12:100317692:100317803:clu_3730 12 4298 117 depression sqtl 0.2153 -0.08569 0.53684 0.0463541 0 0.28819 0.152925
ENSG00000157895.11__chr12:121005093:121006321:clu_4195 12 4469 117 depression sqtl 0.15088 -0.14773 0.45431 0.0227649 0 0.20639 0.307708
ENSG00000257218.5__chr12:120446829:120454933:clu_4170 12 4604 117 depression sqtl -0.0399171 -0.2764 0.1971 0.00159337 0 0.0806 0.732963
