locus chr n.snps n.pcs phen1 phen2 rho rho.lower rho.upper r2 r2.lower r2.upper p
ENSG00000076555.15__chr12:109265280:109265389:clu_3127 12 4526 75 depression sqtl 0.368258 0.11604 0.67233 0.135614 0.01361 0.45202 0.00649472
ENSG00000111725.10__chr12:119674057:119674340:clu_3336 12 4494 75 depression sqtl 0.179071 -0.12052 0.49407 0.0320666 0 0.24411 0.236474
ENSG00000111725.10__chr12:119674454:119676537:clu_3336 12 4494 75 depression sqtl -0.144083 -0.42553 0.11869 0.0207599 0 0.18139 0.278432
ENSG00000139433.9__chr12:109843482:109855619:clu_3143 12 3710 75 depression sqtl 0.342731 0.02251 0.70089 0.117464 0.00228 0.49125 0.0362042
ENSG00000157782.9__chr12:120656272:120659878:clu_3381 12 4431 75 depression sqtl -0.217041 -0.47239 0.01507 0.0471067 0 0.22315 0.073372
ENSG00000157895.11__chr12:121004489:121005003:clu_3386 12 4456 75 depression sqtl -0.330217 -0.65546 -0.04983 0.109043 0.00364 0.42962 0.025069
ENSG00000167272.10__chr12:120579923:120580996:clu_3379 12 4461 75 depression sqtl 0.0152151 -0.23083 0.26352 0.000231499 0 0.08078 0.902392
ENSG00000174456.13__chr12:110042459:110073422:clu_3159 12 3502 75 depression sqtl -0.283418 -0.57061 -0.0075 0.0803259 0.00111 0.32559 0.0422689
ENSG00000257218.5__chr12:120446829:120454933:clu_3369 12 4592 75 depression sqtl -0.110869 -0.35451 0.12612 0.0122919 0 0.12581 0.354178
