locus chr n.snps n.pcs phen1 phen2 rho rho.lower rho.upper r2 r2.lower r2.upper p
ENSG00000100084.14__chr22:19331556:19351358:clu_20424 22 3733 117 depression sqtl 0.319285 0.08278 0.5916 0.101943 0.00698 0.34999 0.00896962
ENSG00000100084.14__chr22:19351446:19353356:clu_20424 22 3733 117 depression sqtl -0.372179 -0.71315 -0.07227 0.138517 0.00624 0.50858 0.0183561
ENSG00000100084.14__chr22:19353519:19353996:clu_20425 22 3733 117 depression sqtl 0.0213057 -0.23777 0.27708 0.000453934 0 0.08828 0.864581
ENSG00000100372.14__chr22:40792676:40794514:clu_21146 22 2696 117 depression sqtl -0.253116 -0.53931 0.01109 0.0640679 0 0.29085 0.0667991
ENSG00000100401.19__chr22:41281082:41286086:clu_21165 22 2987 117 depression sqtl -0.111558 -0.38137 0.16079 0.0124451 0 0.1461 0.397748
ENSG00000183597.15__chr22:20052584:20055943:clu_20466 22 4788 117 depression sqtl -0.362074 -0.63954 -0.11406 0.131098 0.01302 0.40901 0.0057917
ENSG00000184470.20__chr22:19895200:19895407:clu_20449 22 4815 117 depression sqtl 0.147667 -0.1508 0.46209 0.0218057 0 0.21442 0.316255
