locus chr n.snps n.pcs phen1 phen2 rho rho.lower rho.upper r2 r2.lower r2.upper p
ENSG00000035687.9__chr1:244437768:244451635:clu_43192 1 4171 129 depression sqtl 0.440594 0.19126 0.74804 0.194123 0.03658 0.55956 0.00103867
ENSG00000049246.14__chr1:7787246:7788045:clu_39005 1 4125 129 depression sqtl -0.191189 -0.53408 0.11702 0.0365534 0 0.28524 0.222975
ENSG00000049246.14__chr1:7803848:7808893:clu_39007 1 4125 129 depression sqtl 0.0918123 -0.19305 0.39036 0.0084295 0 0.15456 0.511128
ENSG00000054116.11__chr1:36140166:36149337:clu_39883 1 2727 129 depression sqtl 0.163636 -0.1176 0.45753 0.0267768 0 0.20934 0.250279
ENSG00000116717.11__chr1:67685538:67686350:clu_40620 1 4754 129 depression sqtl -0.181527 -0.47849 0.10585 0.032952 0 0.22895 0.208796
ENSG00000116922.14__chr1:37689883:37690002:clu_39923 1 4141 129 depression sqtl 0.253709 0.01912 0.49458 0.0643682 0.00148 0.24461 0.038094
ENSG00000118473.21__chr1:66671019:66671944:clu_40593 1 4712 129 depression sqtl -0.03504 -0.33784 0.26455 0.0012278 0 0.1253 0.808826
ENSG00000121310.16__chr1:52899224:52907868:clu_40403 1 3764 129 depression sqtl 0.0906107 -0.21191 0.41241 0.0082103 0 0.17217 0.54948
ENSG00000134215.15__chr1:107574198:107576392:clu_41004 1 4218 129 depression sqtl 0.0180422 -0.2682 0.30782 0.000325522 0 0.11408 0.896977
ENSG00000134744.13__chr1:52463777:52465070:clu_40397 1 3439 129 depression sqtl 0.292342 0.07303 0.52351 0.085464 0.00576 0.27407 0.00987098
ENSG00000151414.14__chr1:198264235:198277961:clu_42456 1 3677 129 depression sqtl -0.0257926 -0.30746 0.26122 0.000665258 0 0.1114 0.84985
ENSG00000151414.14__chr1:198293039:198319412:clu_42456 1 3677 129 depression sqtl -0.0182029 -0.26686 0.23209 0.000331345 0 0.08519 0.88022
ENSG00000151414.14__chr1:198297240:198319412:clu_42456 1 3677 129 depression sqtl 0.147137 -0.09897 0.4043 0.0216492 0 0.16346 0.23393
ENSG00000152760.9__chr1:66754777:66770387:clu_40601 1 4628 129 depression sqtl 0.16349 -0.12403 0.47902 0.0267289 0 0.22946 0.259908
ENSG00000154222.14__chr1:52353647:52354608:clu_40384 1 3522 129 depression sqtl -0.422731 -0.69782 -0.17632 0.178701 0.03109 0.48695 0.00138019
ENSG00000154222.14__chr1:52354454:52354608:clu_40384 1 3522 129 depression sqtl 0.304567 0.04594 0.57427 0.092761 0.00316 0.32978 0.0189722
ENSG00000154222.14__chr1:52359534:52359705:clu_40388 1 3522 129 depression sqtl 0.205368 -0.0481 0.45784 0.042176 0 0.20962 0.101856
ENSG00000154222.14__chr1:52359836:52360074:clu_40388 1 3522 129 depression sqtl -0.222131 -0.45661 0.00553 0.0493423 0 0.2085 0.0564857
ENSG00000154222.14__chr1:52359883:52360074:clu_40388 1 3522 129 depression sqtl -0.155675 -0.45414 0.12157 0.0242347 0 0.20647 0.269076
ENSG00000157077.14__chr1:52340231:52344768:clu_40382 1 3363 129 depression sqtl 0.0957748 -0.15258 0.35199 0.00917282 0 0.12489 0.430015
ENSG00000162373.12__chr1:48761470:48773060:clu_40343 1 2993 129 depression sqtl 0.358739 0.09903 0.64495 0.128693 0.00987 0.41596 0.00798939
ENSG00000163875.15__chr1:37513538:37514657:clu_39920 1 4188 129 depression sqtl -0.127935 -0.32955 0.07395 0.0163674 0 0.10861 0.203135
ENSG00000163879.10__chr1:37559496:37561557:clu_39921 1 4103 129 depression sqtl -0.237758 -0.45339 -0.03358 0.0565288 0.00171 0.20556 0.0240509
ENSG00000185104.19__chr1:50441523:50475464:clu_40348 1 2699 129 depression sqtl -0.235632 -0.49387 0.02169 0.0555225 0 0.24391 0.0658702
ENSG00000186094.16__chr1:49245864:49697313:clu_40344 1 2057 129 depression sqtl 0.0955904 -0.17122 0.37609 0.00913753 0 0.1435 0.466851
ENSG00000187815.9__chr1:40477894:40479016:clu_40031 1 4592 129 depression sqtl -0.375445 -0.65511 -0.1297 0.140959 0.01684 0.42917 0.0038818
ENSG00000187815.9__chr1:40477894:40479333:clu_40031 1 4592 129 depression sqtl 0.154141 -0.0761 0.40485 0.0237594 0 0.16391 0.183724
ENSG00000187815.9__chr1:40489624:40490780:clu_40032 1 4592 129 depression sqtl 0.184336 -0.06313 0.45278 0.0339797 0 0.20501 0.137215
