locus chr n.snps n.pcs phen1 phen2 rho rho.lower rho.upper r2 r2.lower r2.upper p
ENSG00000070413.19__chr22:19068225:19089368:clu_22085 22 3287 137 depression sqtl 0.0994938 -0.15853 0.36534 0.00989902 0 0.13412 0.436052
ENSG00000070413.19__chr22:19089490:19122128:clu_22085 22 3287 137 depression sqtl -0.105765 -0.39392 0.16645 0.0111862 0 0.15677 0.438236
ENSG00000093010.13__chr22:19961289:19962233:clu_22130 22 4817 137 depression sqtl 0.0336513 -0.20643 0.27534 0.00113241 0 0.08248 0.7788
ENSG00000093010.13__chr22:19961289:19962527:clu_22130 22 4817 137 depression sqtl -0.0990445 -0.37507 0.15499 0.00980981 0 0.14121 0.442024
ENSG00000099889.13__chr22:19970743:19971886:clu_22133 22 4790 137 depression sqtl 0.259736 0.0333 0.51282 0.0674627 0.00193 0.26299 0.0276873
ENSG00000099889.13__chr22:19971971:19972737:clu_22134 22 4790 137 depression sqtl -0.132049 -0.37991 0.11463 0.0174371 0 0.14444 0.271045
ENSG00000099889.13__chr22:19975757:19976706:clu_22137 22 4790 137 depression sqtl 0.338249 0.07264 0.63995 0.114412 0.00578 0.40954 0.0141806
ENSG00000100401.19__chr22:41261580:41268097:clu_22890 22 2989 137 depression sqtl -0.187095 -0.47411 0.096 0.0350045 0 0.22478 0.182801
ENSG00000128191.15__chr22:20107398:20108890:clu_22148 22 4758 137 depression sqtl 0.0772632 -0.23596 0.39446 0.0059696 0 0.16032 0.606982
ENSG00000184470.20__chr22:19919004:19919543:clu_22127 22 4817 137 depression sqtl 0.196537 -0.07581 0.48774 0.0386267 0 0.2383 0.151199
ENSG00000184470.20__chr22:19919599:19931030:clu_22127 22 4817 137 depression sqtl -0.224146 -0.50599 0.02394 0.0502416 0 0.25603 0.0797185
ENSG00000196236.12__chr22:40860793:40861618:clu_22874 22 2730 137 depression sqtl 0.384256 0.14864 0.65404 0.147653 0.02209 0.42777 0.0028177
ENSG00000196588.14__chr22:40552367:40636478:clu_22870 22 2619 137 depression sqtl 0.0740317 -0.17122 0.328 0.00548069 0 0.10935 0.549748
