locus chr n.snps n.pcs phen1 phen2 rho rho.lower rho.upper r2 r2.lower r2.upper p
ENSG00000065621.14__chr10:104278116:104279370:clu_8226 10 3962 112 depression sqtl -0.528599 -0.77417 -0.30905 0.279417 0.09551 0.59934 2.18039e-05
ENSG00000148814.17__chr10:132351753:132353038:clu_8539 10 5858 112 depression sqtl -0.0276859 -0.30033 0.251 0.000766508 0 0.1045 0.837557
ENSG00000148814.17__chr10:132351753:132355790:clu_8539 10 5858 112 depression sqtl -0.0961594 -0.39067 0.18901 0.00924662 0 0.15313 0.49995
ENSG00000148814.17__chr10:132366677:132366846:clu_8541 10 5858 112 depression sqtl 0.168376 -0.10676 0.46692 0.0283503 0 0.21801 0.228232
ENSG00000148834.12__chr10:104254962:104255163:clu_8222 10 3980 112 depression sqtl -0.154924 -0.37459 0.05936 0.0240015 0 0.14032 0.149319
ENSG00000148834.12__chr10:104263077:104266084:clu_8224 10 3980 112 depression sqtl 0.0936538 -0.1301 0.31576 0.00877103 0 0.09972 0.403101
ENSG00000151640.12__chr10:132190835:132192658:clu_8527 10 6159 112 depression sqtl 0.526027 0.2675 0.87294 0.276704 0.07156 0.76202 0.000238623
ENSG00000165752.16__chr10:132228128:132245900:clu_8532 10 5857 112 depression sqtl 0.118024 -0.16678 0.42967 0.0139296 0 0.18482 0.421121
ENSG00000171811.13__chr10:132811031:132812785:clu_8557 10 4470 112 depression sqtl 0.0436228 -0.21976 0.30234 0.00190295 0 0.09971 0.726632
