locus chr n.snps n.pcs phen1 phen2 rho rho.lower rho.upper r2 r2.lower r2.upper p
ENSG00000065621.14__chr10:104274949:104275226:clu_9265 10 3967 137 depression sqtl -0.239078 -0.46217 -0.02534 0.0571581 0.00134 0.2136 0.0311263
ENSG00000065621.14__chr10:104278116:104297578:clu_9266 10 3967 137 depression sqtl 0.0586632 -0.12445 0.24561 0.00344137 0 0.06123 0.520773
ENSG00000065621.14__chr10:104279471:104297578:clu_9266 10 3967 137 depression sqtl -0.105233 -0.32913 0.10946 0.0110739 0 0.10886 0.333303
ENSG00000148814.17__chr10:132348356:132348963:clu_9609 10 5880 137 depression sqtl -0.245127 -0.56697 0.04406 0.0600872 0 0.32145 0.0898928
ENSG00000148814.17__chr10:132351753:132353038:clu_9610 10 5880 137 depression sqtl 0.0359839 -0.23342 0.31317 0.00129484 0 0.10787 0.786537
ENSG00000148814.17__chr10:132365550:132375066:clu_9612 10 5880 137 depression sqtl -0.0574491 -0.32857 0.19343 0.00330039 0 0.11137 0.650416
ENSG00000197748.12__chr10:104132196:104133620:clu_9253 10 3985 137 depression sqtl 0.00314453 -0.19761 0.20958 9.88809e-06 0 0.0559 0.975499
