locus chr n.snps n.pcs phen1 phen2 rho rho.lower rho.upper r2 r2.lower r2.upper p
ENSG00000113649.11__chr5:146480094:146482592:clu_26924 5 4147 101 depression sqtl 0.186992 -0.08131 0.4754 0.034966 0 0.226 0.161315
ENSG00000156475.18__chr5:146878195:146878591:clu_26932 5 4207 101 depression sqtl -0.0423365 -0.34956 0.26979 0.00179238 0 0.13503 0.778166
ENSG00000156475.18__chr5:146878195:147081059:clu_26932 5 4207 101 depression sqtl -0.318156 -0.59757 -0.0774 0.101223 0.00623 0.35709 0.00914372
ENSG00000156475.18__chr5:147040805:147055665:clu_26932 5 4207 101 depression sqtl -0.220743 -0.55703 0.09093 0.0487275 0 0.31029 0.158555
