locus chr n.snps n.pcs phen1 phen2 rho rho.lower rho.upper r2 r2.lower r2.upper p
ENSG00000003756.16__chr3:50106864:50107018:clu_30564 3 2391 112 depression sqtl -0.386703 -0.70941 -0.12007 0.149539 0.01452 0.50327 0.00573963
ENSG00000010327.10__chr3:52521005:52521361:clu_30714 3 2831 112 depression sqtl -0.16396 -0.45352 0.10185 0.0268828 0 0.20568 0.226124
ENSG00000067560.10__chr3:49362626:49368428:clu_30503 3 1995 112 depression sqtl -0.0133581 -0.32716 0.29887 0.00017844 0 0.13257 0.929701
ENSG00000164062.12__chr3:49674621:49675183:clu_30511 3 2108 112 depression sqtl -0.0395656 -0.33337 0.25894 0.00156544 0 0.12329 0.783914
ENSG00000168237.17__chr3:52291111:52291747:clu_30670 3 2742 112 depression sqtl 0.0848124 -0.20776 0.38165 0.00719315 0 0.14875 0.545676
