locus chr n.snps n.pcs phen1 phen2 rho rho.lower rho.upper r2 r2.lower r2.upper p
ENSG00000103429.10__chr16:14644609:14649804:clu_11904 16 2812 112 depression sqtl -0.380698 -0.70005 -0.09021 0.144931 0.00891 0.49007 0.00991403
ENSG00000103429.10__chr16:14648592:14649804:clu_11904 16 2812 112 depression sqtl 0.302373 0.0141 0.61405 0.0914297 0.00141 0.37706 0.0384196
ENSG00000155393.12__chr16:50084027:50084108:clu_12462 16 4025 112 depression sqtl 0.0590114 -0.25454 0.39306 0.00348235 0 0.16257 0.70961
