locus chr n.snps n.pcs phen1 phen2 rho rho.lower rho.upper r2 r2.lower r2.upper p
ENSG00000121964.14__chr2:143957339:143970653:clu_33327 2 2890 114 depression sqtl 0.165756 -0.06018 0.39892 0.027475 0 0.15914 0.159739
ENSG00000235597.1__chr2:104507406:104512043:clu_33002 2 4075 114 depression sqtl -0.14547 -0.39826 0.10286 0.0211616 0 0.15861 0.234374
