locus chr n.snps n.pcs phen1 phen2 rho rho.lower rho.upper r2 r2.lower r2.upper p
ENSG00000136153.19__chr13:75805760:75807480:clu_1755 13 5010 101 depression sqtl 0.101219 -0.20798 0.42605 0.0102453 0 0.18317 0.515126
ENSG00000136153.19__chr13:75808199:75809154:clu_1755 13 5010 101 depression sqtl -0.136628 -0.41587 0.12488 0.0186673 0 0.17314 0.294617
ENSG00000188243.12__chr13:75530266:75537664:clu_1746 13 5039 101 depression sqtl 0.000575294 -0.28944 0.28726 3.30963e-07 0 0.11047 0.996653
