locus chr n.snps n.pcs phen1 phen2 rho rho.lower rho.upper r2 r2.lower r2.upper p
ENSG00000104177.17__chr15:48149371:48151473:clu_16963 15 3470 141 depression sqtl -0.128023 -0.41043 0.15101 0.0163898 0 0.16871 0.34578
ENSG00000104177.17__chr15:48151171:48151473:clu_16963 15 3470 141 depression sqtl 0.0481667 -0.25297 0.35586 0.00232003 0 0.13402 0.743488
ENSG00000138614.14__chr15:65605236:65607302:clu_17355 15 4062 141 depression sqtl -0.243118 -0.56586 0.05279 0.0591062 0 0.32019 0.101833
