locus chr n.snps n.pcs phen1 phen2 rho rho.lower rho.upper r2 r2.lower r2.upper p
ENSG00000119522.16__chr9:123557695:123583169:clu_42427 9 3444 117 depression sqtl -0.00771611 -0.25275 0.24422 5.95384e-05 0 0.08101 0.949083
ENSG00000148204.11__chr9:123356354:123362865:clu_42417 9 4324 117 depression sqtl 0.0772891 -0.24521 0.4129 0.0059736 0 0.17359 0.628844
ENSG00000165092.12__chr9:72953014:73038541:clu_41779 9 4006 117 depression sqtl -0.213821 -0.49285 0.04419 0.0457195 0 0.24291 0.0904446
