locus chr n.snps n.pcs phen1 phen2 rho rho.lower rho.upper r2 r2.lower r2.upper p
ENSG00000100138.13__chr22:41688327:41688794:clu_17258 22 3349 75 depression sqtl -0.139924 -0.46515 0.17938 0.0195789 0 0.21642 0.364434
ENSG00000100413.16__chr22:41532745:41540699:clu_17245 22 3222 75 depression sqtl 0.366223 0.09256 0.68481 0.134119 0.00891 0.46896 0.0108751
ENSG00000196236.12__chr22:40857245:40861618:clu_17215 22 2726 75 depression sqtl -0.274519 -0.52074 -0.0422 0.0753609 0.00246 0.27117 0.0244225
ENSG00000196236.12__chr22:40860793:40861618:clu_17215 22 2726 75 depression sqtl 0.193513 -0.05665 0.4486 0.0374472 0 0.20124 0.129962
