locus chr n.snps n.pcs phen1 phen2 rho rho.lower rho.upper r2 r2.lower r2.upper p
ENSG00000104177.17__chr15:48149083:48149163:clu_16177 15 3466 117 depression sqtl 0.153801 -0.11887 0.44124 0.0236548 0 0.19533 0.252031
ENSG00000104177.17__chr15:48152284:48153792:clu_16179 15 3466 117 depression sqtl 0.238404 -0.07826 0.59309 0.0568363 0 0.35176 0.137108
ENSG00000128951.13__chr15:48336090:48341289:clu_16188 15 3446 117 depression sqtl 0.191504 -0.04466 0.45856 0.0366739 0 0.21028 0.122373
