locus chr n.snps n.pcs phen1 phen2 rho rho.lower rho.upper r2 r2.lower r2.upper p
ENSG00000035687.9__chr1:244432064:244432545:clu_39355 1 4173 112 depression sqtl -0.041911 -0.28667 0.19522 0.00175653 0 0.08678 0.723574
ENSG00000116783.14__chr1:74201410:74204391:clu_37065 1 3689 112 depression sqtl -0.0454642 -0.2686 0.17817 0.00206699 0 0.07516 0.68491
ENSG00000117859.18__chr1:51714079:51740143:clu_36803 1 2600 112 depression sqtl 0.466621 0.21065 0.80142 0.217735 0.04437 0.64227 0.000813631
ENSG00000118473.21__chr1:66695493:66719294:clu_37008 1 4710 112 depression sqtl 0.378849 0.16174 0.61323 0.143526 0.02616 0.37605 0.000641327
ENSG00000142864.14__chr1:67424277:67424888:clu_37030 1 4874 112 depression sqtl -0.113554 -0.40734 0.17048 0.0128945 0 0.16624 0.419457
ENSG00000142864.14__chr1:67424322:67424888:clu_37030 1 4874 112 depression sqtl 0.127177 -0.18342 0.43428 0.0161741 0 0.18869 0.398863
ENSG00000152760.9__chr1:66776403:66777251:clu_37013 1 4622 112 depression sqtl -0.192923 -0.46196 0.0582 0.0372192 0 0.21466 0.13344
ENSG00000152763.16__chr1:66905375:66924662:clu_37016 1 4663 112 depression sqtl 0.0113883 -0.30522 0.32939 0.000129694 0 0.13061 0.941511
ENSG00000162374.16__chr1:50109198:50144957:clu_36788 1 2069 112 depression sqtl 0.204489 -0.05311 0.47975 0.0418158 0 0.23016 0.117427
ENSG00000179397.17__chr1:244593578:244605695:clu_39360 1 4172 112 depression sqtl 0.21829 -0.05375 0.52115 0.0476505 0 0.2716 0.125005
ENSG00000184588.17__chr1:65993142:66247460:clu_36998 1 4639 112 depression sqtl -0.0146462 -0.24163 0.21362 0.000214512 0 0.07017 0.896119
ENSG00000203724.10__chr1:197902913:197905796:clu_38684 1 3632 112 depression sqtl 0.00409211 -0.27736 0.29881 1.67453e-05 0 0.11244 0.976515
ENSG00000254685.6__chr1:74199831:74201318:clu_37064 1 3624 112 depression sqtl -0.0657054 -0.24234 0.1135 0.0043172 0 0.05887 0.466837
