locus chr n.snps n.pcs phen1 phen2 rho rho.lower rho.upper r2 r2.lower r2.upper p
ENSG00000169696.15__chr17:81985607:81994821:clu_12618 17 4891 137 depression sqtl 0.0387838 -0.24389 0.31823 0.00150418 0 0.11112 0.775407
ENSG00000169696.15__chr17:81985607:82009037:clu_12618 17 4891 137 depression sqtl 0.248383 -0.02221 0.54882 0.0616941 0 0.3012 0.0792519
ENSG00000169696.15__chr17:82009184:82009486:clu_12620 17 4891 137 depression sqtl -0.0289548 -0.33471 0.27342 0.000838381 0 0.12717 0.842968
ENSG00000169718.17__chr17:82060954:82061209:clu_12647 17 4897 137 depression sqtl 0.0704467 -0.20675 0.35233 0.00496274 0 0.12706 0.610928
ENSG00000169718.17__chr17:82060961:82061209:clu_12647 17 4897 137 depression sqtl -0.0649414 -0.3267 0.19661 0.00421739 0 0.10856 0.611907
ENSG00000169727.12__chr17:82052459:82053274:clu_12639 17 4901 137 depression sqtl -0.0725394 -0.36908 0.21577 0.00526196 0 0.143 0.616394
ENSG00000169738.7__chr17:82036063:82036191:clu_12633 17 4883 137 depression sqtl -0.475556 -0.73883 -0.25346 0.226153 0.06424 0.54587 0.00013212
ENSG00000182446.13__chr17:81610258:81613318:clu_12564 17 5058 137 depression sqtl -0.296969 -0.57683 -0.06238 0.0881904 0.00454 0.33274 0.0158267
ENSG00000183010.16__chr17:81933376:81934326:clu_12609 17 4898 137 depression sqtl -0.0654463 -0.35344 0.21637 0.00428322 0 0.12947 0.638244
ENSG00000183010.16__chr17:81935147:81935337:clu_12610 17 4898 137 depression sqtl -0.278855 -0.54654 -0.03837 0.0777599 0.00225 0.2987 0.022775
ENSG00000185359.12__chr17:81684103:81685605:clu_12571 17 5052 137 depression sqtl 0.189655 -0.04135 0.43944 0.0359691 0 0.19311 0.104168
ENSG00000185359.12__chr17:81684891:81685605:clu_12571 17 5052 137 depression sqtl -0.405772 -0.71199 -0.13687 0.164651 0.01873 0.50693 0.00436061
ENSG00000185813.10__chr17:81908996:81909514:clu_12603 17 4918 137 depression sqtl 0.327052 0.06742 0.61423 0.106963 0.0049 0.37728 0.016989
ENSG00000187531.13__chr17:81912614:81913774:clu_12605 17 4915 137 depression sqtl 0.0165608 -0.28822 0.31975 0.000274261 0 0.12309 0.911934
ENSG00000214087.8__chr17:81683126:81683593:clu_12567 17 5051 137 depression sqtl 0.162111 -0.11916 0.45856 0.02628 0 0.21028 0.244145
ENSG00000225663.7__chr17:81824554:81826380:clu_12591 17 4934 137 depression sqtl -0.105738 -0.33235 0.10645 0.0111806 0 0.11106 0.332315
ENSG00000225663.7__chr17:81826515:81833238:clu_12591 17 4934 137 depression sqtl -0.158005 -0.39908 0.07585 0.0249654 0 0.15926 0.171868
