locus chr n.snps n.pcs phen1 phen2 rho rho.lower rho.upper r2 r2.lower r2.upper p
ENSG00000119408.16__chr9:124258085:124301936:clu_39798 9 3552 114 depression sqtl -0.134123 -0.38046 0.114 0.0179889 0 0.14525 0.270794
ENSG00000119408.16__chr9:124258361:124301936:clu_39798 9 3552 114 depression sqtl 0.172317 -0.04467 0.39729 0.029693 0 0.15784 0.118184
ENSG00000136930.12__chr9:124353709:124355861:clu_39800 9 3421 114 depression sqtl -0.350845 -0.60638 -0.10457 0.123092 0.01105 0.36769 0.00501032
ENSG00000136930.12__chr9:124353709:124356764:clu_39800 9 3421 114 depression sqtl 0.331958 0.1127 0.56963 0.110196 0.0127 0.32448 0.00406385
