locus chr n.snps n.pcs phen1 phen2 rho rho.lower rho.upper r2 r2.lower r2.upper p
ENSG00000183010.16__chr17:81933376:81934653:clu_9472 17 4889 75 depression sqtl -0.431823 -0.7325 -0.17491 0.186471 0.03059 0.53655 0.00170928
ENSG00000185813.10__chr17:81909037:81909514:clu_9467 17 4909 75 depression sqtl -0.0718518 -0.37126 0.22651 0.00516268 0 0.14319 0.621021
