locus chr n.snps n.pcs phen1 phen2 rho rho.lower rho.upper r2 r2.lower r2.upper p
ENSG00000035687.9__chr1:244424387:244432545:clu_41145 1 4170 117 depression sqtl -0.102344 -0.40851 0.1886 0.0104744 0 0.16912 0.484946
ENSG00000035687.9__chr1:244432064:244432545:clu_41145 1 4170 117 depression sqtl 0.0711203 -0.18482 0.33314 0.0050581 0 0.11396 0.569447
ENSG00000085832.16__chr1:51447105:51447935:clu_38478 1 2553 117 depression sqtl -0.079389 -0.40197 0.21457 0.00630261 0 0.16344 0.593481
ENSG00000116783.14__chr1:74354129:74367256:clu_38760 1 3696 117 depression sqtl -0.189931 -0.42294 0.03853 0.036074 0 0.17888 0.105024
ENSG00000116783.14__chr1:74463550:74489189:clu_38764 1 3696 117 depression sqtl 0.0349381 -0.20425 0.2792 0.00122067 0 0.08366 0.77558
ENSG00000116783.14__chr1:74492266:74540234:clu_38764 1 3696 117 depression sqtl 0.0488117 -0.13288 0.2318 0.00238258 0 0.05453 0.594898
ENSG00000116783.14__chr1:74540313:74543906:clu_38765 1 3696 117 depression sqtl -0.344344 -0.5316 -0.16023 0.118573 0.02567 0.2826 0.000323618
ENSG00000116885.18__chr1:36418255:36418991:clu_38048 1 3199 117 depression sqtl -0.0190997 -0.21828 0.18045 0.000364799 0 0.05493 0.849366
ENSG00000116885.18__chr1:36423466:36431802:clu_38050 1 3199 117 depression sqtl -0.233559 -0.50779 0.03804 0.0545499 0 0.25785 0.0889926
ENSG00000117724.12__chr1:214651886:214652828:clu_40760 1 4314 117 depression sqtl -0.131655 -0.44395 0.17579 0.0173329 0 0.19807 0.369425
ENSG00000118473.21__chr1:66679752:66689148:clu_38696 1 4707 117 depression sqtl -0.0942506 -0.37973 0.18186 0.00888317 0 0.14455 0.498796
ENSG00000134744.13__chr1:52461769:52465070:clu_38512 1 3438 117 depression sqtl 0.197292 -0.07946 0.48226 0.0389241 0 0.23258 0.160836
ENSG00000152092.15__chr1:176857650:176868844:clu_40287 1 3858 117 depression sqtl -0.335488 -0.60919 -0.07681 0.112552 0.00645 0.37111 0.0128756
ENSG00000152092.15__chr1:176864521:176868844:clu_40287 1 3858 117 depression sqtl 0.234134 0.0219 0.4603 0.0548188 0.00116 0.21188 0.0341075
ENSG00000152760.9__chr1:66754777:66770387:clu_38700 1 4620 117 depression sqtl -0.140932 -0.45209 0.15125 0.0198617 0 0.20461 0.330837
ENSG00000152763.16__chr1:66874937:66891154:clu_38704 1 4661 117 depression sqtl -0.124616 -0.43953 0.18557 0.0155292 0 0.19547 0.40435
ENSG00000154222.14__chr1:52353647:52354365:clu_38501 1 3522 117 depression sqtl -0.357036 -0.63567 -0.10415 0.127475 0.01097 0.40407 0.00715909
ENSG00000162373.12__chr1:48759284:48761337:clu_38460 1 2993 117 depression sqtl -0.215819 -0.4635 0.02021 0.046578 0 0.21483 0.0767667
ENSG00000162373.12__chr1:48761470:48773060:clu_38460 1 2993 117 depression sqtl 0.275275 0.03673 0.53054 0.0757764 0.00191 0.28147 0.0236916
ENSG00000162373.12__chr1:48761470:48775965:clu_38460 1 2993 117 depression sqtl 0.00702665 -0.29361 0.31129 4.93739e-05 0 0.12448 0.962218
ENSG00000162374.16__chr1:50109198:50141772:clu_38463 1 2072 117 depression sqtl -0.0780097 -0.40972 0.2452 0.00608552 0 0.17395 0.617335
ENSG00000186094.16__chr1:49245864:49697313:clu_38461 1 2057 117 depression sqtl 0.25983 -0.03329 0.58475 0.0675117 0 0.34193 0.0831834
ENSG00000204084.12__chr1:37878323:37880085:clu_38080 1 4333 117 depression sqtl 0.415034 0.13106 0.72941 0.172253 0.0172 0.53204 0.00558984
