locus chr n.snps n.pcs phen1 phen2 rho rho.lower rho.upper r2 r2.lower r2.upper p
ENSG00000075413.17__chr14:103500200:103502882:clu_18721 14 4634 117 depression sqtl -0.502433 -0.81747 -0.2335 0.252438 0.05452 0.66827 0.000635093
ENSG00000100711.13__chr14:103728149:103728908:clu_18738 14 4739 117 depression sqtl -0.149696 -0.44261 0.12323 0.0224089 0 0.1962 0.280385
