locus chr n.snps n.pcs phen1 phen2 rho rho.lower rho.upper r2 r2.lower r2.upper p
ENSG00000126214.21__chr14:103629494:103654564:clu_14428 14 4558 89 depression sqtl -0.00103254 -0.24975 0.25165 1.06614e-06 0 0.08239 0.993473
ENSG00000150527.16__chr14:39302249:39303478:clu_13661 14 4829 89 depression sqtl 0.614171 0.34578 0.95931 0.377207 0.11956 0.92027 5.2815e-05
ENSG00000182400.14__chr14:39158402:39159450:clu_13653 14 4816 89 depression sqtl -0.0235707 -0.31223 0.2635 0.00055558 0 0.11372 0.861625
ENSG00000256053.7__chr14:103629494:103654564:clu_14428 14 4560 89 depression sqtl -0.00149687 -0.25857 0.25668 2.24063e-06 0 0.08699 0.990487
ENSG00000283071.1__chr14:103084266:103085976:clu_14414 14 4369 89 depression sqtl -0.183102 -0.48169 0.10586 0.0335263 0 0.23203 0.203652
ENSG00000283071.1__chr14:103084347:103085976:clu_14414 14 4369 89 depression sqtl 0.223736 -0.05084 0.50491 0.0500579 0 0.25493 0.103119
