locus chr n.snps n.pcs phen1 phen2 rho rho.lower rho.upper r2 r2.lower r2.upper p
ENSG00000163312.10__chr4:83446086:83446835:clu_28976 4 4302 112 depression sqtl 0.0983703 -0.21817 0.42653 0.00967672 0 0.18386 0.520248
ENSG00000164125.15__chr4:158155825:158170466:clu_29485 4 4006 112 depression sqtl -0.106329 -0.35696 0.14875 0.0113059 0 0.12786 0.390273
