locus chr n.snps n.pcs phen1 phen2 rho rho.lower rho.upper r2 r2.lower r2.upper p
ENSG00000088543.14__chr3:50559737:50561722:clu_27552 3 2445 89 depression sqtl -0.174156 -0.52816 0.15788 0.0303303 0 0.27992 0.285296
ENSG00000114735.9__chr3:50571801:50572115:clu_27555 3 2446 89 depression sqtl -0.0153713 -0.32286 0.2926 0.000236278 0 0.12991 0.916318
