locus chr n.snps n.pcs phen1 phen2 rho rho.lower rho.upper r2 r2.lower r2.upper p
ENSG00000188243.12__chr13:75526639:75530114:clu_1791 13 5039 112 depression sqtl 0.0449124 -0.2528 0.3516 0.00201712 0 0.13151 0.754727
ENSG00000188243.12__chr13:75527851:75530114:clu_1791 13 5039 112 depression sqtl -0.087456 -0.37281 0.18671 0.00764856 0 0.1404 0.509121
