locus chr n.snps n.pcs phen1 phen2 rho rho.lower rho.upper r2 r2.lower r2.upper p
ENSG00000070371.15__chr22:19201493:19208154:clu_17713 22 3539 89 depression sqtl 0.00144356 -0.31792 0.3155 2.08386e-06 0 0.1358 0.992528
ENSG00000100084.14__chr22:19441694:19444012:clu_17717 22 3730 89 depression sqtl 0.260023 -0.02269 0.56991 0.0676121 0 0.3248 0.0757114
ENSG00000100372.14__chr22:40792676:40794514:clu_18339 22 2693 89 depression sqtl -0.0314015 -0.32563 0.27223 0.000986057 0 0.12314 0.827972
ENSG00000100387.8__chr22:40964117:40967799:clu_18345 22 2812 89 depression sqtl 0.182404 -0.09888 0.47013 0.0332713 0 0.22102 0.188364
ENSG00000100387.8__chr22:40967884:40972476:clu_18345 22 2812 89 depression sqtl -0.184314 -0.46829 0.094 0.0339716 0 0.2193 0.186777
ENSG00000100399.15__chr22:41209951:41213630:clu_18349 22 2973 89 depression sqtl 0.0447486 -0.19258 0.28381 0.00200244 0 0.08512 0.69964
ENSG00000100401.19__chr22:41281082:41282787:clu_18357 22 2984 89 depression sqtl -0.0623856 -0.35755 0.231 0.00389196 0 0.13357 0.660822
ENSG00000196236.12__chr22:40857245:40868999:clu_18341 22 2726 89 depression sqtl -0.163619 -0.40494 0.0756 0.0267712 0 0.16397 0.164843
ENSG00000239900.12__chr22:40350035:40358864:clu_18321 22 2770 89 depression sqtl -0.0390425 -0.31136 0.23742 0.00152431 0 0.10397 0.772829
ENSG00000241973.10__chr22:20709499:20709908:clu_17787 22 3594 89 depression sqtl -0.0195817 -0.30518 0.26537 0.000383443 0 0.11135 0.889089
ENSG00000242259.8__chr22:19441694:19444012:clu_17717 22 3773 89 depression sqtl 0.219974 -0.0782 0.53918 0.0483886 0 0.29071 0.142029
