locus chr n.snps n.pcs phen1 phen2 rho rho.lower rho.upper r2 r2.lower r2.upper p
ENSG00000102897.9__chr16:20902717:20920122:clu_11524 16 3238 86 depression sqtl -0.112849 -0.42305 0.18923 0.0127349 0 0.17943 0.448427
ENSG00000140694.16__chr16:14555709:14558373:clu_11392 16 2806 86 depression sqtl 0.146706 -0.12501 0.43493 0.0215227 0 0.18916 0.289414
ENSG00000196678.13__chr16:20803511:20803603:clu_11519 16 3239 86 depression sqtl -0.126791 -0.44002 0.17106 0.0160761 0 0.19386 0.397286
ENSG00000196678.13__chr16:20803516:20803603:clu_11519 16 3239 86 depression sqtl 0.0257767 -0.28893 0.348 0.00066444 0 0.13472 0.86568
