locus chr n.snps n.pcs phen1 phen2 rho rho.lower rho.upper r2 r2.lower r2.upper p
ENSG00000179915.22__chr2:50236970:50465442:clu_36043 2 4897 129 depression sqtl -0.103689 -0.36763 0.15106 0.0107515 0 0.13519 0.419297
ENSG00000179915.22__chr2:50620183:50621226:clu_36045 2 4897 129 depression sqtl -0.36763 -0.63539 -0.11776 0.135151 0.01406 0.40373 0.00454679
ENSG00000234177.5__chr2:104754440:104754836:clu_36874 2 4467 129 depression sqtl 0.150712 -0.06267 0.37096 0.0227142 0 0.13761 0.166657
