locus chr n.snps n.pcs phen1 phen2 rho rho.lower rho.upper r2 r2.lower r2.upper p
ENSG00000066382.16__chr11:30580494:30586042:clu_4888 11 3241 112 depression sqtl -0.237778 -0.56936 0.05418 0.0565385 0 0.32417 0.10422
ENSG00000077616.10__chr11:90170136:90173824:clu_6171 11 3845 112 depression sqtl 0.0590216 -0.17305 0.30202 0.00348355 0 0.09297 0.620411
ENSG00000086827.8__chr11:113736822:113737572:clu_6378 11 4708 112 depression sqtl 0.0332927 -0.2427 0.31242 0.00110841 0 0.10876 0.80457
ENSG00000110172.11__chr11:90206272:90206748:clu_6174 11 3887 112 depression sqtl -0.0600444 -0.28314 0.16174 0.00360533 0 0.08124 0.587203
ENSG00000110492.15__chr11:46382748:46383469:clu_5022 11 3045 112 depression sqtl 0.00138981 -0.25067 0.2613 1.93157e-06 0 0.08466 0.991243
ENSG00000135365.15__chr11:45936569:45938157:clu_5003 11 3111 112 depression sqtl -0.088429 -0.38487 0.19886 0.00781968 0 0.14978 0.535972
ENSG00000149091.15__chr11:46333487:46367291:clu_5012 11 3052 112 depression sqtl 0.0777976 -0.16228 0.32775 0.00605247 0 0.10807 0.522821
ENSG00000149091.15__chr11:46347820:46367291:clu_5012 11 3052 112 depression sqtl -0.0302056 -0.27198 0.21033 0.000912379 0 0.08248 0.796254
ENSG00000149292.16__chr11:113363927:113364835:clu_6367 11 4569 112 depression sqtl -0.114752 -0.39656 0.17289 0.0131681 0 0.15729 0.415793
ENSG00000162174.12__chr11:62357144:62389133:clu_5289 11 3703 112 depression sqtl 0.00502489 -0.26624 0.27004 2.52495e-05 0 0.09953 0.968966
ENSG00000166002.6__chr11:93479269:93499276:clu_6183 11 4429 112 depression sqtl -0.20776 -0.47714 0.03417 0.0431641 0 0.22766 0.0961289
ENSG00000166682.10__chr11:113699693:113700066:clu_6377 11 4730 112 depression sqtl 0.027348 -0.25412 0.3109 0.000747911 0 0.10911 0.844284
ENSG00000174851.15__chr11:66291171:66291610:clu_5644 11 2595 112 depression sqtl 0.199868 -0.10795 0.53754 0.0399471 0 0.28895 0.196549
ENSG00000175220.11__chr11:46682182:46688173:clu_5037 11 2635 112 depression sqtl 0.256719 -0.03861 0.56931 0.0659048 0 0.32411 0.0842725
ENSG00000186907.7__chr11:57468090:57476162:clu_5146 11 4608 112 depression sqtl 0.0838919 -0.18951 0.36723 0.00703786 0 0.13847 0.54427
