locus chr n.snps n.pcs phen1 phen2 rho rho.lower rho.upper r2 r2.lower r2.upper p
ENSG00000124942.13__chr11:62491831:62535003:clu_6096 11 3880 117 depression sqtl 0.030687 -0.27484 0.33797 0.000941694 0 0.13111 0.83593
ENSG00000135365.15__chr11:45971364:45979760:clu_5804 11 3158 117 depression sqtl -0.262096 -0.59796 0.0429 0.0686941 0 0.35756 0.0905466
ENSG00000135365.15__chr11:46092223:46120935:clu_5808 11 3158 117 depression sqtl -0.317002 -0.60697 -0.05789 0.10049 0.00386 0.36841 0.019792
ENSG00000149091.15__chr11:46376564:46378198:clu_5824 11 3101 117 depression sqtl -0.140834 -0.42957 0.14072 0.0198342 0 0.18453 0.30688
ENSG00000149131.15__chr11:57598321:57599879:clu_5959 11 4340 117 depression sqtl -0.0265287 -0.34339 0.29881 0.000703772 0 0.14368 0.863722
ENSG00000149179.13__chr11:46987310:47052388:clu_5856 11 2504 117 depression sqtl -0.481391 -0.77782 -0.23273 0.231737 0.05416 0.60501 0.000493207
ENSG00000149292.16__chr11:113316315:113323288:clu_7384 11 4570 117 depression sqtl 0.284459 0.06933 0.52101 0.0809169 0.00504 0.27145 0.0130517
ENSG00000149292.16__chr11:113339474:113340664:clu_7387 11 4570 117 depression sqtl 0.718197 0.48603 0.99972 0.515807 0.23622 0.99945 1.39383e-07
ENSG00000149292.16__chr11:113363927:113364835:clu_7389 11 4570 117 depression sqtl -0.133824 -0.35521 0.08018 0.017909 0 0.12617 0.206641
ENSG00000149292.16__chr11:113365060:113368187:clu_7390 11 4570 117 depression sqtl -0.36202 -0.64214 -0.10415 0.131058 0.011 0.41235 0.00777639
ENSG00000149295.13__chr11:113412883:113414375:clu_7395 11 4677 117 depression sqtl 0.357372 0.1151 0.6173 0.127715 0.01347 0.38106 0.00581929
ENSG00000149489.8__chr11:62607010:62614258:clu_6113 11 3877 117 depression sqtl -0.175119 -0.43431 0.06969 0.0306665 0 0.18929 0.161268
ENSG00000149541.9__chr11:62618979:62620497:clu_6121 11 3870 117 depression sqtl 0.375093 0.09405 0.69257 0.140695 0.0093 0.47965 0.0112325
ENSG00000162194.12__chr11:62667747:62669641:clu_6136 11 3840 117 depression sqtl -0.193381 -0.45898 0.04114 0.0373962 0 0.21066 0.113599
ENSG00000174080.10__chr11:66566401:66567246:clu_6607 11 2615 117 depression sqtl 0.0178753 -0.22157 0.25975 0.000319528 0 0.07728 0.878632
ENSG00000174080.10__chr11:66566404:66567246:clu_6607 11 2615 117 depression sqtl -0.00900619 -0.25537 0.23186 8.11114e-05 0 0.07887 0.939426
ENSG00000174483.19__chr11:66511089:66514406:clu_6597 11 2579 117 depression sqtl -0.150579 -0.45065 0.14339 0.0226739 0 0.20351 0.299714
ENSG00000174483.19__chr11:66523576:66523724:clu_6600 11 2579 117 depression sqtl -0.165291 -0.43457 0.0937 0.0273212 0 0.18885 0.20224
ENSG00000174851.15__chr11:66284966:66285701:clu_6560 11 2592 117 depression sqtl -0.047341 -0.36355 0.25882 0.00224117 0 0.14007 0.747953
ENSG00000174996.11__chr11:66265235:66265854:clu_6550 11 2606 117 depression sqtl 0.15001 -0.11921 0.44441 0.022503 0 0.19773 0.281646
ENSG00000175216.14__chr11:46751534:46753310:clu_5846 11 2521 117 depression sqtl -0.25294 -0.52128 -0.01342 0.0639787 0.00104 0.27173 0.041163
ENSG00000175224.16__chr11:46656273:46657095:clu_5835 11 2762 117 depression sqtl -0.208662 -0.48632 0.05458 0.0435397 0 0.23651 0.119452
ENSG00000175334.7__chr11:66002570:66003626:clu_6528 11 2791 117 depression sqtl 0.141733 -0.1357 0.44128 0.0200883 0 0.19504 0.302568
ENSG00000198561.13__chr11:57809466:57810109:clu_5973 11 4346 117 depression sqtl -0.151853 -0.48347 0.16134 0.0230594 0 0.23533 0.316345
ENSG00000254986.7__chr11:66491383:66491494:clu_6593 11 2598 117 depression sqtl -0.0259399 -0.32001 0.26989 0.000672878 0 0.11901 0.857262
ENSG00000278615.4__chr11:62664973:62667523:clu_6134 11 3841 117 depression sqtl 0.363638 0.06597 0.69965 0.132233 0.00554 0.4895 0.0188949
