locus chr n.snps n.pcs phen1 phen2 rho rho.lower rho.upper r2 r2.lower r2.upper p
ENSG00000136153.19__chr13:75804541:75809154:clu_2055 13 5017 135 depression sqtl -0.133202 -0.43591 0.15715 0.0177428 0 0.19045 0.357284
ENSG00000136153.19__chr13:75834387:75835152:clu_2059 13 5017 135 depression sqtl -0.354456 -0.65288 -0.08615 0.125639 0.00761 0.42625 0.0112403
ENSG00000136153.19__chr13:75853388:75856506:clu_2061 13 5017 135 depression sqtl 0.358351 0.11384 0.64144 0.128416 0.01303 0.41144 0.00483406
ENSG00000136153.19__chr13:75855368:75856506:clu_2061 13 5017 135 depression sqtl -0.286024 -0.54479 -0.05846 0.0818095 0.00388 0.2968 0.0159441
ENSG00000188243.12__chr13:75530266:75537382:clu_2047 13 5045 135 depression sqtl 0.0470988 -0.22848 0.32951 0.0022183 0 0.11622 0.727544
