locus chr n.snps n.pcs phen1 phen2 rho rho.lower rho.upper r2 r2.lower r2.upper p
ENSG00000130193.7__chr8:142727859:142728961:clu_51740 8 5359 141 depression sqtl -0.203883 -0.5179 0.09411 0.0415683 0 0.26822 0.159666
ENSG00000130193.7__chr8:142727859:142735326:clu_51740 8 5359 141 depression sqtl 0.268772 0.00763 0.55978 0.0722386 0.00109 0.31335 0.0441555
