locus chr n.snps n.pcs phen1 phen2 rho rho.lower rho.upper r2 r2.lower r2.upper p
ENSG00000169683.7__chr17:82029185:82029543:clu_12218 17 4851 129 depression sqtl 0.219744 -0.06639 0.51068 0.0482876 0 0.26079 0.122577
ENSG00000169683.7__chr17:82029635:82030065:clu_12218 17 4851 129 depression sqtl -0.220324 -0.47665 0.0359 0.0485427 0 0.22719 0.079312
ENSG00000169689.14__chr17:82019381:82019858:clu_12215 17 4851 129 depression sqtl 0.264121 0.03319 0.51477 0.06976 0.00177 0.26499 0.0285706
ENSG00000169696.15__chr17:81994878:81995992:clu_12208 17 4887 129 depression sqtl 0.459919 0.16228 0.80475 0.211526 0.02647 0.64763 0.00325869
ENSG00000169710.8__chr17:82083425:82083517:clu_12243 17 4870 129 depression sqtl 0.0814261 -0.21092 0.37441 0.00663021 0 0.14182 0.569938
ENSG00000185298.12__chr17:81667862:81670225:clu_12161 17 5051 129 depression sqtl -0.0319064 -0.31321 0.25235 0.00101802 0 0.10956 0.812787
ENSG00000185298.12__chr17:81670453:81671744:clu_12162 17 5051 129 depression sqtl 0.0713835 -0.24109 0.38179 0.0050956 0 0.152 0.634883
ENSG00000185359.12__chr17:81701131:81701538:clu_12172 17 5050 129 depression sqtl 0.203553 -0.06518 0.49425 0.0414339 0 0.24429 0.134548
ENSG00000204237.4__chr17:81665584:81666146:clu_12158 17 5050 129 depression sqtl 0.520944 0.27262 0.83923 0.271382 0.07432 0.70431 0.000127691
