locus chr n.snps n.pcs phen1 phen2 rho rho.lower rho.upper r2 r2.lower r2.upper p
ENSG00000006704.10__chr7:74555223:74555438:clu_23150 7 1929 112 depression sqtl -0.00814972 -0.23552 0.21961 6.64179e-05 0 0.07219 0.942977
ENSG00000049540.16__chr7:74060047:74060140:clu_23131 7 2020 112 depression sqtl -0.074357 -0.29427 0.14565 0.00552896 0 0.08795 0.498355
ENSG00000164828.17__chr7:852667:852810:clu_22296 7 4028 112 depression sqtl -0.0622531 -0.32083 0.19542 0.00387545 0 0.10517 0.614654
ENSG00000164828.17__chr7:852667:852813:clu_22296 7 4028 112 depression sqtl 0.0368941 -0.21774 0.29862 0.00136118 0 0.09454 0.763672
ENSG00000164880.15__chr7:1470692:1470846:clu_22322 7 5388 112 depression sqtl 0.12014 -0.15709 0.40628 0.0144336 0 0.16517 0.391995
ENSG00000165171.10__chr7:73835002:73840031:clu_23121 7 2053 112 depression sqtl -0.169771 -0.45518 0.09799 0.0288222 0 0.20719 0.216736
ENSG00000178381.11__chr7:1153224:1155453:clu_22311 7 4710 112 depression sqtl 0.0323721 -0.16932 0.23257 0.00104795 0 0.05841 0.746264
ENSG00000263001.5__chr7:74718941:74728786:clu_23155 7 1964 112 depression sqtl 0.17614 -0.09629 0.45406 0.0310254 0 0.20617 0.193736
