locus chr n.snps n.pcs phen1 phen2 rho rho.lower rho.upper r2 r2.lower r2.upper p
ENSG00000150471.16__chr4:61813889:61892656:clu_27637 4 4982 86 depression sqtl 0.344861 0.07747 0.65788 0.118929 0.00668 0.4328 0.014541
ENSG00000163322.13__chr4:83469151:83470203:clu_27799 4 4227 86 depression sqtl 0.103352 -0.20767 0.42811 0.0106817 0 0.18664 0.504013
