locus chr n.snps n.pcs phen1 phen2 rho rho.lower rho.upper r2 r2.lower r2.upper p
ENSG00000165379.13__chr14:41888010:41891250:clu_16317 14 5350 117 depression sqtl 0.0063454 -0.26531 0.27764 4.02642e-05 0 0.09389 0.961902
ENSG00000198752.10__chr14:102954275:102954602:clu_17221 14 4449 117 depression sqtl -0.334565 -0.66007 -0.04577 0.111934 0.00311 0.43569 0.0258003
ENSG00000256053.7__chr14:103571820:103574107:clu_17240 14 4641 117 depression sqtl -0.110891 -0.38785 0.15837 0.0122969 0 0.1506 0.408472
