locus chr n.snps n.pcs phen1 phen2 rho rho.lower rho.upper r2 r2.lower r2.upper p
ENSG00000110172.11__chr11:90202551:90202813:clu_5554 11 3885 89 depression sqtl 0.165388 -0.05829 0.38156 0.0273532 0 0.14559 0.133557
ENSG00000110497.14__chr11:46494204:46508191:clu_4505 11 2826 89 depression sqtl -0.0423199 -0.35084 0.26974 0.00179097 0 0.13629 0.77848
ENSG00000110497.14__chr11:46508370:46541945:clu_4505 11 2826 89 depression sqtl 0.056739 -0.23602 0.36552 0.00321931 0 0.14056 0.699122
ENSG00000134574.11__chr11:47234672:47234757:clu_4529 11 2518 89 depression sqtl 0.426844 0.12653 0.77793 0.182196 0.01635 0.60517 0.00710918
ENSG00000134802.17__chr11:57426352:57426588:clu_4607 11 4635 89 depression sqtl 0.203983 -0.10351 0.53099 0.0416092 0 0.28211 0.190628
ENSG00000135365.15__chr11:45946098:45948886:clu_4484 11 3180 89 depression sqtl -0.211542 -0.45863 0.03613 0.0447501 0 0.21034 0.0916016
ENSG00000149091.15__chr11:46368079:46369494:clu_4495 11 3122 89 depression sqtl -0.122603 -0.46015 0.18623 0.0150314 0 0.21228 0.43739
ENSG00000149179.13__chr11:47157922:47159630:clu_4523 11 2500 89 depression sqtl -0.125045 -0.42565 0.1694 0.0156363 0 0.18133 0.385464
ENSG00000149294.16__chr11:113260323:113262846:clu_5723 11 4322 89 depression sqtl 0.251364 0.00694 0.51169 0.0631841 0.00075 0.26183 0.0484138
ENSG00000149294.16__chr11:113260323:113270188:clu_5723 11 4322 89 depression sqtl -0.232527 -0.48897 0.02047 0.0540687 0 0.23909 0.0677674
ENSG00000156603.15__chr11:57704815:57704973:clu_4624 11 4354 89 depression sqtl -0.332909 -0.62614 -0.08064 0.110829 0.00702 0.39205 0.0140562
ENSG00000156603.15__chr11:57705229:57711963:clu_4624 11 4354 89 depression sqtl 0.293028 0.03563 0.58157 0.0858652 0.00234 0.33823 0.0249539
ENSG00000166682.10__chr11:113699027:113706222:clu_5738 11 4724 89 depression sqtl -0.152686 -0.42756 0.10426 0.0233129 0 0.18299 0.235222
ENSG00000197798.8__chr11:126211830:126234995:clu_5989 11 5247 89 depression sqtl 0.235818 -0.03286 0.52528 0.0556101 0 0.27592 0.0813876
