locus chr n.snps n.pcs phen1 phen2 rho rho.lower rho.upper r2 r2.lower r2.upper p
ENSG00000076513.16__chr12:110016433:110018345:clu_3623 12 3579 101 depression sqtl -0.0673733 -0.39796 0.25783 0.00453917 0 0.16315 0.666989
ENSG00000110871.14__chr12:120504081:120504895:clu_3882 12 4542 101 depression sqtl -0.0324765 -0.3463 0.27915 0.00105472 0 0.1343 0.82806
ENSG00000111737.11__chr12:120098935:120099030:clu_3851 12 4508 101 depression sqtl -0.322625 -0.66344 -0.0287 0.104087 0.00196 0.44016 0.0359308
ENSG00000135114.12__chr12:121027817:121031442:clu_3901 12 4501 101 depression sqtl 0.383907 0.14464 0.65171 0.147384 0.02092 0.42473 0.00369263
ENSG00000135124.14__chr12:121232676:121232997:clu_3912 12 4616 101 depression sqtl -0.0500049 -0.35911 0.25919 0.00250049 0 0.13795 0.739829
ENSG00000185046.18__chr12:98807918:98832029:clu_3437 12 3994 101 depression sqtl 0.163503 -0.14943 0.50603 0.0267334 0 0.25659 0.298547
ENSG00000185046.18__chr12:98829251:98832029:clu_3437 12 3994 101 depression sqtl 0.149829 -0.16564 0.48286 0.0224488 0 0.23315 0.335549
