locus chr n.snps n.pcs phen1 phen2 rho rho.lower rho.upper r2 r2.lower r2.upper p
ENSG00000138674.16__chr4:82857764:82863318:clu_32640 4 4554 137 depression sqtl -0.272531 -0.61481 0.02209 0.0742732 0 0.37799 0.0759183
ENSG00000138674.16__chr4:82894847:82900077:clu_32644 4 4554 137 depression sqtl 0.12954 -0.20186 0.47531 0.0167807 0 0.22744 0.422949
ENSG00000163319.10__chr4:83456958:83460973:clu_32666 4 4305 137 depression sqtl 0.0474166 -0.2202 0.32008 0.00224834 0 0.10847 0.715012
ENSG00000197386.10__chr4:3130047:3130305:clu_31978 4 4487 137 depression sqtl -0.233519 -0.56171 0.05795 0.054531 0 0.31552 0.114179
