locus chr n.snps n.pcs phen1 phen2 rho rho.lower rho.upper r2 r2.lower r2.upper p
ENSG00000133706.17__chr5:146131109:146132898:clu_33710 5 4005 141 depression sqtl -0.137532 -0.40972 0.12376 0.0189149 0 0.1682 0.294961
ENSG00000133706.17__chr5:146152002:146153734:clu_33716 5 4005 141 depression sqtl 0.203919 -0.05792 0.48177 0.0415829 0 0.2321 0.133689
