locus chr n.snps n.pcs phen1 phen2 rho rho.lower rho.upper r2 r2.lower r2.upper p
ENSG00000122966.15__chr12:119770910:119772770:clu_3529 12 4451 89 depression sqtl -0.235674 -0.56421 0.06596 0.0555421 0 0.31833 0.125468
ENSG00000139436.20__chr12:109965577:109967458:clu_3336 12 3579 89 depression sqtl -0.0751236 -0.40906 0.24861 0.00564355 0 0.17448 0.631851
ENSG00000257218.5__chr12:120455030:120457076:clu_3560 12 4601 89 depression sqtl 0.0809595 -0.19145 0.3631 0.00655444 0 0.13293 0.549929
