locus chr n.snps n.pcs phen1 phen2 rho rho.lower rho.upper r2 r2.lower r2.upper p
ENSG00000107957.16__chr10:103605917:103611581:clu_7378 10 3655 89 depression sqtl 0.298038 0.09996 0.50533 0.0888264 0.00999 0.25536 0.00428045
ENSG00000148814.17__chr10:132366677:132366846:clu_7680 10 5871 89 depression sqtl -0.110988 -0.43995 0.20364 0.0123183 0 0.19456 0.465532
ENSG00000165752.16__chr10:132222986:132224407:clu_7672 10 5870 89 depression sqtl 0.109886 -0.17324 0.40897 0.012075 0 0.16834 0.434321
ENSG00000197748.12__chr10:104130830:104131331:clu_7390 10 3976 89 depression sqtl -0.0692631 -0.30037 0.15742 0.00479737 0 0.09191 0.549734
ENSG00000197748.12__chr10:104145564:104146263:clu_7393 10 3976 89 depression sqtl 0.00557702 -0.22083 0.23273 3.11031e-05 0 0.06973 0.961276
