locus chr n.snps n.pcs phen1 phen2 rho rho.lower rho.upper r2 r2.lower r2.upper p
ENSG00000078618.21__chr1:51837620:51840226:clu_35231 1 2900 86 depression sqtl 0.0457538 -0.23081 0.33369 0.00209341 0 0.11903 0.735045
ENSG00000116871.15__chr1:36156463:36170971:clu_34785 1 2724 86 depression sqtl -0.122715 -0.39603 0.14701 0.0150589 0 0.1583 0.348223
ENSG00000116871.15__chr1:36157290:36170971:clu_34785 1 2724 86 depression sqtl 0.0560895 -0.21117 0.32412 0.00314603 0 0.10913 0.656905
ENSG00000117010.15__chr1:40541710:40544397:clu_34932 1 4631 86 depression sqtl -0.121026 -0.37787 0.1317 0.0146473 0 0.14313 0.341599
ENSG00000117020.16__chr1:243573048:243613671:clu_37679 1 3560 86 depression sqtl -0.387567 -0.69678 -0.10421 0.150208 0.01118 0.48551 0.00874961
ENSG00000117569.18__chr1:96806452:96806866:clu_35701 1 4270 86 depression sqtl -0.137499 -0.34312 0.07166 0.018906 0 0.11773 0.19655
ENSG00000143499.13__chr1:214281427:214314762:clu_37328 1 4713 86 depression sqtl -0.0935132 -0.429 0.23036 0.00874472 0 0.18555 0.555801
ENSG00000152092.15__chr1:177014875:177023404:clu_36917 1 3851 86 depression sqtl 0.21743 -0.00612 0.44244 0.0472757 0 0.19575 0.0560463
ENSG00000198160.14__chr1:66976722:66981779:clu_35428 1 4667 86 depression sqtl 0.190667 -0.09182 0.49389 0.0363538 0 0.24392 0.188641
ENSG00000198797.6__chr1:177256109:177257176:clu_36919 1 3846 86 depression sqtl 0.182701 -0.03128 0.40056 0.0333795 0 0.16045 0.0935744
