locus chr n.snps n.pcs phen1 phen2 rho rho.lower rho.upper r2 r2.lower r2.upper p
ENSG00000070413.19__chr22:19039121:19041058:clu_19255 22 3287 114 depression sqtl 0.120918 -0.18835 0.43672 0.014621 0 0.19111 0.429645
ENSG00000100395.14__chr22:41209933:41213893:clu_19956 22 2990 114 depression sqtl -0.313455 -0.59397 -0.05051 0.0982542 0.00328 0.3528 0.0197779
ENSG00000100395.14__chr22:41214026:41216139:clu_19956 22 2990 114 depression sqtl 0.352765 0.11291 0.6188 0.124443 0.01275 0.38291 0.00522092
ENSG00000100401.19__chr22:41281082:41285986:clu_19966 22 2988 114 depression sqtl -0.418467 -0.75421 -0.14071 0.175115 0.0198 0.56884 0.00464237
ENSG00000183597.15__chr22:20063442:20064542:clu_19310 22 4790 114 depression sqtl 0.246056 -0.06386 0.58124 0.0605437 0 0.33784 0.111554
ENSG00000196236.12__chr22:40857245:40861618:clu_19949 22 2728 114 depression sqtl 0.234202 0.02138 0.45364 0.0548507 0.00101 0.20579 0.0320133
