locus chr n.snps n.pcs phen1 phen2 rho rho.lower rho.upper r2 r2.lower r2.upper p
ENSG00000115414.18__chr2:215406510:215407127:clu_34674 2 4692 112 depression sqtl 0.0949306 -0.17926 0.38649 0.00901183 0 0.15079 0.48789
ENSG00000144290.16__chr2:161942897:161947566:clu_34091 2 3556 112 depression sqtl 0.103882 -0.19189 0.40738 0.0107914 0 0.16733 0.481614
ENSG00000168702.17__chr2:140351038:140352953:clu_33947 2 5259 112 depression sqtl -0.0875591 -0.31684 0.13509 0.00766659 0 0.10107 0.423573
ENSG00000234177.5__chr2:104754440:104754560:clu_33603 2 4466 112 depression sqtl 0.368293 0.11664 0.64081 0.13564 0.01364 0.41064 0.00636949
ENSG00000234177.5__chr2:104754440:104754836:clu_33603 2 4466 112 depression sqtl 0.244694 0.00661 0.48527 0.0598753 0.00086 0.23549 0.0406621
