locus chr n.snps n.pcs phen1 phen2 rho rho.lower rho.upper r2 r2.lower r2.upper p
ENSG00000148814.17__chr10:132342271:132344498:clu_8255 10 5852 101 depression sqtl 0.0473916 -0.25899 0.3516 0.00224597 0 0.13262 0.746042
ENSG00000148814.17__chr10:132348356:132351607:clu_8254 10 5852 101 depression sqtl 0.0342579 -0.21761 0.2941 0.0011736 0 0.09475 0.784914
ENSG00000148834.12__chr10:104259798:104262979:clu_7959 10 3971 101 depression sqtl -0.0804618 -0.34597 0.18494 0.00647411 0 0.12126 0.537369
ENSG00000165752.16__chr10:132330485:132331436:clu_8248 10 5851 101 depression sqtl -0.0221496 -0.34545 0.28285 0.000490606 0 0.13436 0.883494
ENSG00000171811.13__chr10:132810721:132810950:clu_8268 10 4465 101 depression sqtl 0.341579 0.07438 0.65927 0.116676 0.00614 0.43464 0.0148754
ENSG00000197177.15__chr10:133098763:133102697:clu_8284 10 4072 101 depression sqtl -0.407059 -0.75281 -0.12773 0.165697 0.01633 0.56673 0.00557519
