locus chr n.snps n.pcs phen1 phen2 rho rho.lower rho.upper r2 r2.lower r2.upper p
ENSG00000075413.17__chr14:103467191:103468033:clu_15709 14 4591 114 depression sqtl -0.0013662 -0.26319 0.26742 1.8665e-06 0 0.09456 0.991582
ENSG00000075413.17__chr14:103467191:103468081:clu_15709 14 4591 114 depression sqtl 0.00928641 -0.2482 0.27259 8.62374e-05 0 0.09352 0.941162
ENSG00000075413.17__chr14:103480490:103502882:clu_15711 14 4591 114 depression sqtl -0.265451 -0.50779 -0.03404 0.0704643 0.00195 0.25785 0.025466
ENSG00000100664.10__chr14:103334260:103334389:clu_15706 14 4571 114 depression sqtl -0.235516 -0.4785 -0.01472 0.0554676 0.00106 0.22897 0.0394747
ENSG00000126214.21__chr14:103563124:103587274:clu_15716 14 4592 114 depression sqtl -0.0107807 -0.30702 0.28565 0.000116224 0 0.11944 0.940637
ENSG00000126214.21__chr14:103563379:103571623:clu_15716 14 4592 114 depression sqtl 0.267896 0.02705 0.52997 0.0717682 0.00193 0.28087 0.031176
ENSG00000166166.12__chr14:103530309:103532582:clu_15715 14 4550 114 depression sqtl 0.135711 -0.18035 0.46434 0.0184176 0 0.21567 0.371806
ENSG00000256053.7__chr14:103563124:103587274:clu_15716 14 4594 114 depression sqtl -0.0141302 -0.30981 0.28196 0.000199664 0 0.11493 0.922154
ENSG00000256053.7__chr14:103563379:103571623:clu_15716 14 4594 114 depression sqtl 0.272903 0.03339 0.52721 0.0744759 0.00183 0.27795 0.0255681
