locus chr n.snps n.pcs phen1 phen2 rho rho.lower rho.upper r2 r2.lower r2.upper p
ENSG00000114316.12__chr3:49278451:49278814:clu_29922 3 2058 114 depression sqtl -0.246835 -0.57128 0.05583 0.0609274 0 0.32636 0.103104
ENSG00000145029.13__chr3:49425996:49426252:clu_29933 3 1999 114 depression sqtl 0.10414 -0.15128 0.35881 0.0108451 0 0.12947 0.40485
ENSG00000145029.13__chr3:49426428:49429108:clu_29936 3 1999 114 depression sqtl -0.283655 -0.58863 -0.00416 0.0804604 0.00116 0.34649 0.0468689
ENSG00000164061.4__chr3:49665318:49667590:clu_29937 3 2041 114 depression sqtl 0.0176902 -0.23126 0.27696 0.000312944 0 0.08932 0.886032
ENSG00000164062.12__chr3:49675309:49675694:clu_29938 3 2108 114 depression sqtl 0.0607826 -0.2033 0.34893 0.00369453 0 0.12656 0.641708
ENSG00000185565.11__chr3:115810414:115841845:clu_30592 3 4959 114 depression sqtl -0.055537 -0.31894 0.20134 0.00308436 0 0.10677 0.666366
