locus chr n.snps n.pcs phen1 phen2 rho rho.lower rho.upper r2 r2.lower r2.upper p
ENSG00000118939.17__chr13:75601570:75604769:clu_2139 13 5045 141 depression sqtl 0.0878358 -0.23291 0.41382 0.00771512 0 0.17686 0.575922
ENSG00000136153.19__chr13:75853388:75856506:clu_2145 13 5017 141 depression sqtl -0.0307526 -0.33676 0.27471 0.000945721 0 0.13074 0.836647
ENSG00000136153.19__chr13:75855368:75856506:clu_2145 13 5017 141 depression sqtl -0.10505 -0.40912 0.19288 0.0110356 0 0.1707 0.479246
ENSG00000188243.12__chr13:75537675:75537764:clu_2134 13 5045 141 depression sqtl 0.117018 -0.17907 0.42538 0.0136932 0 0.18137 0.424495
ENSG00000229246.1__chr13:81020806:81043671:clu_2195 13 4903 141 depression sqtl 0.163614 -0.15549 0.50215 0.0267697 0 0.25281 0.301282
ENSG00000229246.1__chr13:81043850:81043967:clu_2195 13 4903 141 depression sqtl -0.164524 -0.42496 0.07874 0.0270683 0 0.18072 0.171442
