locus chr n.snps n.pcs phen1 phen2 rho rho.lower rho.upper r2 r2.lower r2.upper p
ENSG00000131748.15__chr17:39657839:39657973:clu_11192 17 3509 117 depression sqtl 0.0207678 -0.2794 0.31755 0.000431302 0 0.11822 0.883991
ENSG00000141552.17__chr17:81891841:81894467:clu_12794 17 4931 117 depression sqtl 0.025398 -0.2559 0.30388 0.00064506 0 0.1073 0.847577
ENSG00000169683.7__chr17:82030238:82030319:clu_12823 17 4853 117 depression sqtl -0.388383 -0.73511 -0.07891 0.150841 0.00698 0.54039 0.0159724
ENSG00000169718.17__chr17:82058818:82059948:clu_12842 17 4896 117 depression sqtl 0.142007 -0.12237 0.41367 0.020166 0 0.17112 0.282182
ENSG00000169718.17__chr17:82059030:82059948:clu_12842 17 4896 117 depression sqtl -0.19785 -0.49147 0.08287 0.0391447 0 0.24154 0.162368
ENSG00000169718.17__chr17:82064234:82064856:clu_12849 17 4896 117 depression sqtl 0.223829 -0.02705 0.48587 0.0500995 0 0.23607 0.0784051
ENSG00000169727.12__chr17:82054975:82055162:clu_12838 17 4900 117 depression sqtl -0.314841 -0.59969 -0.06558 0.0991246 0.00515 0.35963 0.0189121
ENSG00000169727.12__chr17:82054975:82055165:clu_12838 17 4900 117 depression sqtl 0.306356 0.03945 0.59567 0.0938539 0.00246 0.35482 0.0271662
ENSG00000169738.7__chr17:82036308:82036384:clu_12828 17 4882 117 depression sqtl 0.116675 -0.16745 0.41768 0.0136131 0 0.17538 0.410693
ENSG00000169738.7__chr17:82036308:82036544:clu_12828 17 4882 117 depression sqtl -0.305747 -0.58033 -0.07128 0.0934815 0.00543 0.33678 0.0114156
ENSG00000169738.7__chr17:82037541:82037631:clu_12830 17 4882 117 depression sqtl 0.114864 -0.20268 0.45211 0.0131937 0 0.20668 0.472072
ENSG00000183684.7__chr17:81888583:81889182:clu_12792 17 4935 117 depression sqtl 0.368148 0.10766 0.672 0.135533 0.01193 0.45159 0.00854101
ENSG00000183684.7__chr17:81888989:81889182:clu_12792 17 4935 117 depression sqtl -0.247072 -0.54863 0.02312 0.0610446 0 0.30099 0.0734243
ENSG00000225663.7__chr17:81824554:81826380:clu_12785 17 4933 117 depression sqtl -0.0126757 -0.26815 0.23773 0.000160674 0 0.08499 0.918077
ENSG00000225663.7__chr17:81826515:81833238:clu_12785 17 4933 117 depression sqtl -0.182638 -0.48782 0.09216 0.0333568 0 0.23825 0.19731
