locus chr n.snps n.pcs phen1 phen2 rho rho.lower rho.upper r2 r2.lower r2.upper p
ENSG00000075413.17__chr14:103428440:103451918:clu_17555 14 4590 129 depression sqtl 0.0936393 -0.17692 0.36653 0.00876832 0 0.13617 0.485755
ENSG00000100664.10__chr14:103334260:103335653:clu_17553 14 4570 129 depression sqtl -0.0731372 -0.37838 0.22703 0.00534906 0 0.14877 0.614234
ENSG00000185215.8__chr14:103127629:103129740:clu_17551 14 4425 129 depression sqtl 0.235316 -0.052 0.54912 0.0553735 0 0.30153 0.113401
