locus chr n.snps n.pcs phen1 phen2 rho rho.lower rho.upper r2 r2.lower r2.upper p
ENSG00000081189.15__chr5:88752043:88761185:clu_28315 5 2713 117 depression sqtl 0.444719 0.16657 0.76974 0.197775 0.02775 0.5925 0.00302346
ENSG00000081189.15__chr5:88752043:88804598:clu_28315 5 2713 117 depression sqtl -0.036204 -0.28798 0.21122 0.00131073 0 0.09077 0.767097
ENSG00000156475.18__chr5:146590226:146592971:clu_28913 5 4208 117 depression sqtl -0.0706474 -0.39167 0.23134 0.00499105 0 0.15663 0.635713
