locus chr n.snps n.pcs phen1 phen2 rho rho.lower rho.upper r2 r2.lower r2.upper p
ENSG00000049540.16__chr7:74043168:74043879:clu_22737 7 2020 114 depression sqtl 0.0516592 -0.19542 0.30556 0.00266867 0 0.09802 0.678678
ENSG00000106077.18__chr7:73736691:73737562:clu_22730 7 2264 114 depression sqtl 0.0816691 -0.22898 0.39048 0.00666985 0 0.15657 0.587291
ENSG00000106077.18__chr7:73737391:73737562:clu_22730 7 2264 114 depression sqtl -0.102199 -0.36867 0.14371 0.0104447 0 0.13606 0.404457
ENSG00000106077.18__chr7:73737735:73737876:clu_22731 7 2264 114 depression sqtl 0.232488 0.00333 0.48746 0.0540507 0.00078 0.23761 0.0458699
ENSG00000130305.16__chr7:73304036:73304230:clu_22705 7 2412 114 depression sqtl -0.161936 -0.48828 0.14283 0.0262232 0 0.23908 0.293528
ENSG00000164828.17__chr7:843520:851384:clu_21934 7 4045 114 depression sqtl -0.324415 -0.65215 -0.03944 0.105245 0.00251 0.4253 0.0294589
ENSG00000174428.16__chr7:75121010:75123136:clu_22777 7 2418 114 depression sqtl 0.103809 -0.18612 0.40028 0.0107762 0 0.16156 0.471981
ENSG00000274523.4__chr7:75064648:75066664:clu_22774 7 2421 114 depression sqtl 0.187644 -0.10387 0.49584 0.0352104 0 0.2461 0.19649
ENSG00000274523.4__chr7:75066792:75070640:clu_22774 7 2421 114 depression sqtl -0.40069 -0.71489 -0.12244 0.160552 0.01519 0.51107 0.00603191
