locus chr n.snps n.pcs phen1 phen2 rho rho.lower rho.upper r2 r2.lower r2.upper p
ENSG00000070010.18__chr22:19471808:19479083:clu_21867 22 3822 135 depression sqtl -0.0339872 -0.28876 0.21454 0.00115513 0 0.08963 0.784409
ENSG00000070413.19__chr22:19068225:19089368:clu_21843 22 3286 135 depression sqtl -0.0574464 -0.33803 0.21425 0.00330009 0 0.11894 0.654978
ENSG00000070413.19__chr22:19089490:19122128:clu_21843 22 3286 135 depression sqtl 0.0203648 -0.29293 0.33124 0.000414726 0 0.12961 0.893156
ENSG00000100084.14__chr22:19444390:19447378:clu_21861 22 3734 135 depression sqtl -0.0702266 -0.3039 0.16205 0.00493178 0 0.09301 0.543451
ENSG00000100372.14__chr22:40799083:40819195:clu_22616 22 2696 135 depression sqtl -0.00235529 -0.22753 0.22592 5.54737e-06 0 0.06791 0.983327
ENSG00000100401.19__chr22:41274727:41280933:clu_22636 22 2988 135 depression sqtl 0.0161893 -0.28308 0.31929 0.000262094 0 0.12114 0.912362
ENSG00000100401.19__chr22:41281082:41285544:clu_22637 22 2988 135 depression sqtl 0.0943731 -0.20245 0.40616 0.00890629 0 0.16576 0.526635
ENSG00000196236.12__chr22:40857245:40861618:clu_22618 22 2729 135 depression sqtl -0.105109 -0.32126 0.10759 0.0110478 0 0.10321 0.313156
ENSG00000242259.8__chr22:19444390:19447378:clu_21861 22 3777 135 depression sqtl -0.0730942 -0.31902 0.16477 0.00534277 0 0.10391 0.53748
