locus chr n.snps n.pcs phen1 phen2 rho rho.lower rho.upper r2 r2.lower r2.upper p
ENSG00000077616.10__chr11:90158238:90159239:clu_6883 11 3848 135 depression sqtl -0.207108 -0.45047 0.02922 0.0428937 0 0.20293 0.0904578
ENSG00000086827.8__chr11:113699693:113706222:clu_7134 11 4708 135 depression sqtl -0.00866342 -0.26493 0.24769 7.50549e-05 0 0.08484 0.943716
ENSG00000110172.11__chr11:90211318:90214018:clu_6890 11 3890 135 depression sqtl -0.399037 -0.6129 -0.19765 0.159231 0.03907 0.37565 0.000287739
ENSG00000110492.15__chr11:46381885:46382057:clu_5653 11 3114 135 depression sqtl 0.00067358 -0.21997 0.22514 4.53711e-07 0 0.06492 0.995025
ENSG00000110492.15__chr11:46382748:46383469:clu_5654 11 3114 135 depression sqtl -0.03021 -0.26071 0.20033 0.000912642 0 0.07629 0.790459
ENSG00000110497.14__chr11:46512813:46541945:clu_5659 11 2830 135 depression sqtl -0.0229281 -0.28815 0.23407 0.000525696 0 0.09415 0.856353
ENSG00000124942.13__chr11:62491831:62535003:clu_5921 11 3889 135 depression sqtl -0.00234721 -0.2867 0.27408 5.5094e-06 0 0.10579 0.986236
ENSG00000135365.15__chr11:46092223:46118742:clu_5638 11 3184 135 depression sqtl -0.271765 -0.52969 -0.0315 0.0738563 0.00181 0.28058 0.030421
ENSG00000149091.15__chr11:46379236:46379454:clu_5652 11 3126 135 depression sqtl -0.176429 -0.44553 0.07224 0.0311273 0 0.19854 0.16885
ENSG00000162174.12__chr11:62337574:62337967:clu_5917 11 3715 135 depression sqtl -0.116844 -0.36374 0.11859 0.0136524 0 0.13249 0.321573
ENSG00000166002.6__chr11:93479269:93499276:clu_6905 11 4429 135 depression sqtl 0.169414 -0.154 0.51926 0.0287012 0 0.27018 0.295729
ENSG00000166682.10__chr11:113699693:113706222:clu_7134 11 4730 135 depression sqtl -0.0739764 -0.29462 0.14321 0.0054725 0 0.08718 0.50038
ENSG00000172638.12__chr11:65868629:65869360:clu_6259 11 2816 135 depression sqtl 0.0805617 -0.16735 0.3386 0.00649018 0 0.11507 0.502893
ENSG00000172638.12__chr11:65868629:65869857:clu_6259 11 2816 135 depression sqtl -0.058711 -0.31867 0.19736 0.00344698 0 0.10641 0.636284
ENSG00000172757.12__chr11:65856242:65857632:clu_6251 11 2824 135 depression sqtl -0.0291524 -0.3144 0.25563 0.000849861 0 0.11196 0.83305
ENSG00000172757.12__chr11:65856242:65858097:clu_6251 11 2824 135 depression sqtl 0.0294734 -0.22307 0.28672 0.000868681 0 0.09208 0.811435
ENSG00000174547.13__chr11:66452059:66465913:clu_6319 11 2619 135 depression sqtl 0.103281 -0.13664 0.36152 0.010667 0 0.13085 0.392581
ENSG00000174744.13__chr11:66341623:66342096:clu_6309 11 2624 135 depression sqtl 0.270934 0.00676 0.56439 0.0734051 0.00115 0.31853 0.0497053
ENSG00000175220.11__chr11:46680282:46680487:clu_5667 11 2663 135 depression sqtl 0.0392108 -0.19478 0.27488 0.00153749 0 0.08027 0.733183
ENSG00000175334.7__chr11:66003373:66003626:clu_6277 11 2794 135 depression sqtl -0.0741074 -0.37865 0.22286 0.0054919 0 0.14809 0.61014
ENSG00000175376.8__chr11:65999675:66000053:clu_6275 11 2794 135 depression sqtl -0.174675 -0.46052 0.09359 0.0305115 0 0.21208 0.194855
ENSG00000175376.8__chr11:66000406:66002040:clu_6276 11 2794 135 depression sqtl -0.0734494 -0.3312 0.17541 0.00539481 0 0.11045 0.5538
ENSG00000254986.7__chr11:66491383:66491494:clu_6326 11 2602 135 depression sqtl 0.0122973 -0.2139 0.23534 0.000151223 0 0.06637 0.912419
