locus chr n.snps n.pcs phen1 phen2 rho rho.lower rho.upper r2 r2.lower r2.upper p
ENSG00000164796.17__chr8:112859266:112921627:clu_44283 8 4648 117 depression sqtl -0.0397755 -0.35571 0.27 0.00158209 0 0.13667 0.796632
ENSG00000180155.19__chr8:142776121:142777400:clu_44517 8 5337 117 depression sqtl -0.188794 -0.49584 0.09092 0.0356433 0 0.24586 0.175294
