locus chr n.snps n.pcs phen1 phen2 rho rho.lower rho.upper r2 r2.lower r2.upper p
ENSG00000118939.17__chr13:75549670:75549976:clu_1704 13 5043 114 depression sqtl -0.210364 -0.49181 0.05867 0.0442528 0 0.24188 0.116365
ENSG00000118939.17__chr13:75549862:75549976:clu_1704 13 5043 114 depression sqtl 0.223091 -0.08162 0.547 0.0497697 0 0.29921 0.1369
ENSG00000136153.19__chr13:75853388:75856506:clu_1716 13 5015 114 depression sqtl 0.141729 -0.09398 0.38671 0.0200871 0 0.14954 0.222437
ENSG00000188243.12__chr13:75526639:75527813:clu_1702 13 5043 114 depression sqtl 0.0641363 -0.23978 0.37252 0.00411347 0 0.14774 0.669323
ENSG00000188243.12__chr13:75526639:75530311:clu_1702 13 5043 114 depression sqtl 0.201911 -0.06011 0.48066 0.0407679 0 0.23104 0.122103
