locus chr n.snps n.pcs phen1 phen2 rho rho.lower rho.upper r2 r2.lower r2.upper p
ENSG00000114316.12__chr3:49294598:49297870:clu_32924 3 2058 117 depression sqtl -0.034194 -0.2777 0.20673 0.00116923 0 0.08518 0.772779
ENSG00000114316.12__chr3:49310737:49311514:clu_32927 3 2058 117 depression sqtl 0.118928 -0.1748 0.42522 0.0141438 0 0.18321 0.425464
ENSG00000114841.17__chr3:52391603:52392464:clu_33125 3 2748 117 depression sqtl 0.155207 -0.09074 0.42851 0.0240893 0 0.18362 0.213952
ENSG00000114841.17__chr3:52398162:52398850:clu_33129 3 2748 117 depression sqtl 0.048777 -0.25091 0.35596 0.0023792 0 0.13459 0.738191
ENSG00000178035.11__chr3:49027916:49028431:clu_32892 3 2050 117 depression sqtl 0.0101604 -0.29231 0.31617 0.000103233 0 0.12632 0.944974
ENSG00000178149.16__chr3:49016511:49016774:clu_32885 3 2046 117 depression sqtl 0.394586 0.0986 0.7373 0.155698 0.01059 0.54362 0.0098469
ENSG00000178252.17__chr3:49007531:49014210:clu_32879 3 2037 117 depression sqtl -0.0187821 -0.27716 0.23354 0.000352766 0 0.0916 0.880638
