locus chr n.snps n.pcs phen1 phen2 rho rho.lower rho.upper r2 r2.lower r2.upper p
ENSG00000136153.19__chr13:75855368:75856506:clu_2039 13 5013 117 depression sqtl -0.17201 -0.4744 0.11811 0.0295874 0 0.22549 0.234199
ENSG00000188243.12__chr13:75526639:75527813:clu_2029 13 5042 117 depression sqtl -0.0778459 -0.39167 0.21912 0.00605998 0 0.15639 0.608817
ENSG00000188243.12__chr13:75526639:75530114:clu_2029 13 5042 117 depression sqtl -0.115156 -0.41422 0.1756 0.013261 0 0.17221 0.412395
ENSG00000188243.12__chr13:75527851:75530114:clu_2029 13 5042 117 depression sqtl 0.223007 -0.02666 0.48654 0.0497321 0 0.23672 0.0701161
ENSG00000188243.12__chr13:75530266:75537664:clu_2030 13 5042 117 depression sqtl 0.0719694 -0.19925 0.33977 0.0051796 0 0.11802 0.583662
ENSG00000188243.12__chr13:75537675:75537764:clu_2030 13 5042 117 depression sqtl 0.0511062 -0.17392 0.28653 0.00261185 0 0.08414 0.648445
