locus chr n.snps n.pcs phen1 phen2 rho rho.lower rho.upper r2 r2.lower r2.upper p
ENSG00000089159.16__chr12:120215661:120215930:clu_3988 12 4671 112 depression sqtl 0.133136 -0.16105 0.43346 0.0177252 0 0.1889 0.359057
ENSG00000111647.12__chr12:100108548:100142592:clu_3560 12 4163 112 depression sqtl 0.253299 0.00851 0.52306 0.0641603 0.00086 0.27359 0.0406911
ENSG00000122970.15__chr12:110147048:110162919:clu_3758 12 3443 112 depression sqtl -0.0700318 -0.33132 0.18516 0.00490445 0 0.11265 0.577855
ENSG00000122970.15__chr12:110161283:110162919:clu_3758 12 3443 112 depression sqtl 0.183658 -0.08311 0.47293 0.0337301 0 0.22367 0.170968
ENSG00000139436.20__chr12:109939247:109945260:clu_3745 12 3583 112 depression sqtl -0.166216 -0.50024 0.13327 0.0276279 0 0.25037 0.271768
ENSG00000157782.9__chr12:120661218:120666875:clu_4012 12 4443 112 depression sqtl -0.410421 -0.66386 -0.17713 0.168445 0.03138 0.44071 0.00101515
ENSG00000185046.18__chr12:98801125:98832029:clu_3555 12 3993 112 depression sqtl -0.035611 -0.29193 0.21595 0.00126814 0 0.09257 0.767252
