locus chr n.snps n.pcs phen1 phen2 rho rho.lower rho.upper r2 r2.lower r2.upper p
ENSG00000119522.16__chr9:123609481:123630376:clu_44552 9 3444 129 depression sqtl 0.124006 -0.18866 0.45277 0.0153776 0 0.20636 0.420995
ENSG00000136930.12__chr9:124353709:124356764:clu_44563 9 3422 129 depression sqtl 0.144227 -0.15651 0.45327 0.0208013 0 0.20557 0.331228
ENSG00000136950.13__chr9:124873764:124874975:clu_44574 9 3156 129 depression sqtl -0.0516242 -0.27013 0.16489 0.00266505 0 0.0755 0.627829
ENSG00000136950.13__chr9:124875151:124876878:clu_44574 9 3156 129 depression sqtl 0.0467056 -0.17686 0.27237 0.00218141 0 0.07816 0.673393
ENSG00000148204.11__chr9:123367357:123367573:clu_44543 9 4324 129 depression sqtl 0.133235 -0.18098 0.47686 0.0177515 0 0.2275 0.396593
ENSG00000165092.12__chr9:72953014:73080367:clu_43854 9 4040 129 depression sqtl 0.097258 -0.15493 0.36004 0.00945913 0 0.12968 0.43645
