locus chr n.snps n.pcs phen1 phen2 rho rho.lower rho.upper r2 r2.lower r2.upper p
ENSG00000086827.8__chr11:113700168:113706222:clu_6127 11 4701 86 depression sqtl 0.262305 0.00942 0.53799 0.0688041 0.00095 0.28943 0.045645
ENSG00000086991.12__chr11:89340171:89342074:clu_5910 11 3824 86 depression sqtl 0.0901802 -0.16995 0.33681 0.00813246 0 0.11491 0.483653
ENSG00000109861.15__chr11:88296264:88300530:clu_5905 11 5371 86 depression sqtl -0.446384 -0.78204 -0.1618 0.199259 0.02618 0.61159 0.00416695
ENSG00000109861.15__chr11:88309318:88312388:clu_5906 11 5371 86 depression sqtl 0.144355 -0.1614 0.45321 0.0208384 0 0.2064 0.325687
ENSG00000135365.15__chr11:45935157:45935636:clu_4781 11 3152 86 depression sqtl -0.011711 -0.31076 0.28481 0.000137148 0 0.12021 0.934507
ENSG00000135365.15__chr11:46092223:46117922:clu_4788 11 3152 86 depression sqtl -0.258473 -0.56377 0.02855 0.0668084 0 0.31783 0.0795064
ENSG00000149091.15__chr11:46372677:46372771:clu_4795 11 3123 86 depression sqtl 0.074362 -0.22831 0.38006 0.00552971 0 0.14898 0.617603
ENSG00000149091.15__chr11:46379236:46379469:clu_4801 11 3123 86 depression sqtl 0.25068 -0.01568 0.5496 0.0628404 0 0.30206 0.0696997
ENSG00000149131.15__chr11:57600377:57602035:clu_4918 11 4339 86 depression sqtl -0.184624 -0.47333 0.07222 0.0340862 0 0.22408 0.155858
ENSG00000149179.13__chr11:46991647:47052388:clu_4820 11 2501 86 depression sqtl -0.13492 -0.44333 0.16834 0.0182034 0 0.19676 0.359298
ENSG00000166682.10__chr11:113700168:113706222:clu_6127 11 4723 86 depression sqtl 0.282015 -0.0172 0.59434 0.0795326 0 0.35324 0.0621999
ENSG00000173327.7__chr11:65607697:65607922:clu_5326 11 2932 86 depression sqtl -0.0135862 -0.32847 0.29757 0.000184586 0 0.12844 0.927444
ENSG00000173442.12__chr11:65581326:65584241:clu_5321 11 2955 86 depression sqtl -0.243416 -0.60082 0.08715 0.0592514 0 0.36129 0.144998
ENSG00000174516.14__chr11:66468280:66468833:clu_5413 11 2619 86 depression sqtl -0.261385 -0.55257 -0.00534 0.068322 0.00102 0.30534 0.0475658
ENSG00000175220.11__chr11:46681379:46688173:clu_4813 11 2661 86 depression sqtl 0.264642 -0.03295 0.58196 0.0700354 0 0.33868 0.08
ENSG00000175224.16__chr11:46617890:46644279:clu_4804 11 2785 86 depression sqtl 0.351537 0.08307 0.65673 0.123578 0.00721 0.4313 0.0142159
ENSG00000197136.4__chr11:65620429:65620831:clu_5329 11 2931 86 depression sqtl 0.231922 -0.05243 0.55786 0.0537879 0 0.31121 0.113933
