locus chr n.snps n.pcs phen1 phen2 rho rho.lower rho.upper r2 r2.lower r2.upper p
ENSG00000081189.15__chr5:88823927:88882955:clu_30563 5 2711 137 depression sqtl 0.279023 -0.01076 0.59797 0.0778539 0 0.35757 0.0576411
ENSG00000081189.15__chr5:88823930:88882955:clu_30563 5 2711 137 depression sqtl -0.0996449 -0.36085 0.1428 0.0099291 0 0.13183 0.40934
ENSG00000112874.9__chr5:103559468:103560043:clu_30698 5 4215 137 depression sqtl 0.0211693 -0.25774 0.29937 0.000448138 0 0.10708 0.875885
ENSG00000156475.18__chr5:146701142:146878002:clu_31208 5 4207 137 depression sqtl 0.185966 -0.07107 0.46619 0.0345835 0 0.21733 0.156989
ENSG00000156475.18__chr5:147035240:147055665:clu_31208 5 4207 137 depression sqtl 0.066363 -0.19757 0.33737 0.00440404 0 0.11577 0.615263
