locus chr n.snps n.pcs phen1 phen2 rho rho.lower rho.upper r2 r2.lower r2.upper p
ENSG00000141552.17__chr17:81891833:81893552:clu_12452 17 4932 135 depression sqtl 0.377809 0.09845 0.68474 0.14274 0.00988 0.46887 0.00908222
ENSG00000141552.17__chr17:81893614:81894467:clu_12452 17 4932 135 depression sqtl 0.0984084 -0.18242 0.38088 0.00968421 0 0.14559 0.475863
ENSG00000169683.7__chr17:82023863:82024278:clu_12479 17 4854 135 depression sqtl 0.0476537 -0.23831 0.33569 0.00227088 0 0.12049 0.734794
ENSG00000169683.7__chr17:82024339:82024693:clu_12479 17 4854 135 depression sqtl -0.0611731 -0.30923 0.1753 0.00374214 0 0.09786 0.609104
ENSG00000169689.14__chr17:82019381:82019641:clu_12478 17 4854 135 depression sqtl -0.168868 -0.47062 0.11397 0.0285165 0 0.22148 0.243657
ENSG00000169696.15__chr17:81979239:81982614:clu_12470 17 4891 135 depression sqtl -0.00825114 -0.2999 0.2836 6.80814e-05 0 0.11522 0.954001
ENSG00000169696.15__chr17:82017133:82017309:clu_12476 17 4891 135 depression sqtl -0.198481 -0.46749 0.05554 0.0393945 0 0.21855 0.120784
ENSG00000169710.8__chr17:82096447:82098121:clu_12513 17 4873 135 depression sqtl -0.314685 -0.59717 -0.04703 0.0990267 0.00287 0.35661 0.0202221
ENSG00000169727.12__chr17:82056766:82056840:clu_12496 17 4901 135 depression sqtl -0.0361285 -0.34134 0.26033 0.00130527 0 0.12621 0.806196
ENSG00000169727.12__chr17:82056974:82057053:clu_12496 17 4901 135 depression sqtl 0.0152395 -0.26925 0.30466 0.000232243 0 0.10958 0.914641
ENSG00000182446.13__chr17:81622278:81629725:clu_12419 17 5059 135 depression sqtl 0.189537 -0.11449 0.52071 0.0359245 0 0.27114 0.215533
ENSG00000214087.8__chr17:81682149:81683536:clu_12422 17 5052 135 depression sqtl -0.280536 -0.59996 0.00358 0.0787002 0 0.35995 0.0557747
ENSG00000214087.8__chr17:81683126:81683593:clu_12422 17 5052 135 depression sqtl 0.0414729 -0.2699 0.33926 0.00172 0 0.13303 0.779694
ENSG00000225663.7__chr17:81824390:81824499:clu_12444 17 4934 135 depression sqtl -0.00839132 -0.26272 0.24617 7.04143e-05 0 0.08825 0.945898
ENSG00000225663.7__chr17:81824405:81824499:clu_12444 17 4934 135 depression sqtl 0.0533326 -0.22362 0.3336 0.00284436 0 0.11682 0.693451
ENSG00000225663.7__chr17:81824554:81833238:clu_12445 17 4934 135 depression sqtl -0.180591 -0.47979 0.09566 0.0326131 0 0.2302 0.204048
