locus chr n.snps n.pcs phen1 phen2 rho rho.lower rho.upper r2 r2.lower r2.upper p
ENSG00000099889.13__chr22:19974239:19975686:clu_24002 22 4790 141 depression sqtl 0.0903476 -0.15815 0.35115 0.00816268 0 0.12432 0.466548
ENSG00000100056.11__chr22:19142894:19144124:clu_23952 22 3287 141 depression sqtl -0.0775524 -0.35909 0.19351 0.00601438 0 0.13167 0.566144
ENSG00000100372.14__chr22:40799083:40819195:clu_24802 22 2695 141 depression sqtl -0.228622 -0.52645 0.0581 0.052268 0 0.27715 0.110603
ENSG00000100387.8__chr22:40951476:40964047:clu_24810 22 2814 141 depression sqtl 0.239749 -0.03075 0.53995 0.0574797 0 0.29155 0.0860619
ENSG00000100399.15__chr22:41209951:41213630:clu_24821 22 2976 141 depression sqtl -0.137028 -0.4453 0.15814 0.0187766 0 0.1983 0.350224
ENSG00000100401.19__chr22:41254494:41254584:clu_24830 22 2988 141 depression sqtl -0.304194 -0.58162 -0.05878 0.0925339 0.00426 0.33828 0.0187346
ENSG00000100401.19__chr22:41254494:41256021:clu_24830 22 2988 141 depression sqtl 0.329447 0.12724 0.56424 0.108536 0.01619 0.31837 0.00265732
ENSG00000100401.19__chr22:41254666:41256021:clu_24830 22 2988 141 depression sqtl -0.349698 -0.64673 -0.08206 0.122289 0.00716 0.41827 0.0112633
ENSG00000183597.15__chr22:20017192:20036760:clu_24006 22 4790 141 depression sqtl 0.61128 0.40355 0.90088 0.373664 0.16285 0.81159 3.23615e-07
ENSG00000196236.12__chr22:40857245:40868999:clu_24806 22 2728 141 depression sqtl -0.000656924 -0.21408 0.21594 4.31549e-07 0 0.06218 0.995062
ENSG00000196236.12__chr22:40860793:40861618:clu_24806 22 2728 141 depression sqtl -0.277546 -0.56829 -0.02076 0.077032 0.00149 0.32295 0.0446658
