locus chr n.snps n.pcs phen1 phen2 rho rho.lower rho.upper r2 r2.lower r2.upper p
ENSG00000166165.12__chr14:103522476:103522766:clu_16002 14 4611 112 depression sqtl 0.0495434 -0.20464 0.31573 0.00245455 0 0.1041 0.702244
ENSG00000166165.12__chr14:103522505:103522766:clu_16002 14 4611 112 depression sqtl -0.0268211 -0.29727 0.24217 0.00071937 0 0.10355 0.838648
ENSG00000166166.12__chr14:103530309:103532582:clu_16001 14 4597 112 depression sqtl -0.0462571 -0.3527 0.25883 0.00213972 0 0.13342 0.755781
