locus chr n.snps n.pcs phen1 phen2 rho rho.lower rho.upper r2 r2.lower r2.upper p
ENSG00000169689.14__chr17:82019381:82019641:clu_13449 17 4854 141 depression sqtl 0.0489885 -0.2138 0.31659 0.00239987 0 0.1059 0.70051
ENSG00000169689.14__chr17:82019694:82019858:clu_13449 17 4854 141 depression sqtl 0.0257874 -0.22296 0.27839 0.000664988 0 0.0871 0.83458
ENSG00000169696.15__chr17:81982676:81983554:clu_13441 17 4891 141 depression sqtl -0.315566 -0.61179 -0.04905 0.0995821 0.0035 0.37428 0.0236966
ENSG00000169696.15__chr17:81985607:82009037:clu_13442 17 4891 141 depression sqtl 0.475383 0.23562 0.77371 0.225989 0.05551 0.59863 0.000395031
ENSG00000169696.15__chr17:82015356:82016476:clu_13446 17 4891 141 depression sqtl 0.0609627 -0.23652 0.37036 0.00371645 0 0.14376 0.677709
ENSG00000169710.8__chr17:82084711:82084799:clu_13492 17 4873 141 depression sqtl 0.0223362 -0.23867 0.28578 0.000498905 0 0.09262 0.864651
ENSG00000169710.8__chr17:82084716:82084799:clu_13492 17 4873 141 depression sqtl -0.0123882 -0.27631 0.24503 0.000153469 0 0.09138 0.923315
ENSG00000169710.8__chr17:82089384:82089632:clu_13495 17 4873 141 depression sqtl 0.227876 -0.05522 0.52546 0.0519275 0 0.27611 0.114307
ENSG00000169718.17__chr17:82058818:82059948:clu_13471 17 4897 141 depression sqtl 0.339042 0.07421 0.62829 0.114949 0.006 0.39475 0.0127658
ENSG00000169727.12__chr17:82051964:82053274:clu_13465 17 4901 141 depression sqtl 0.0576872 -0.19273 0.31626 0.00332781 0 0.10291 0.64379
ENSG00000169733.11__chr17:82050006:82050402:clu_13462 17 4896 141 depression sqtl -0.107509 -0.40566 0.16284 0.0115581 0 0.166 0.445214
ENSG00000169738.7__chr17:82036308:82036544:clu_13459 17 4883 141 depression sqtl -0.241178 -0.49784 -0.00087 0.058167 0.00065 0.24784 0.0515629
ENSG00000183048.11__chr17:81717491:81717694:clu_13409 17 5011 141 depression sqtl -0.00197769 -0.30846 0.30675 3.91125e-06 0 0.12881 0.989477
ENSG00000185298.12__chr17:81667862:81670230:clu_13391 17 5052 141 depression sqtl 0.467851 0.19518 0.81159 0.218885 0.03809 0.65868 0.00158
ENSG00000185359.12__chr17:81688827:81690674:clu_13394 17 5051 141 depression sqtl 0.149874 -0.13003 0.44377 0.0224621 0 0.19693 0.276794
ENSG00000185359.12__chr17:81693965:81694256:clu_13398 17 5051 141 depression sqtl 0.172641 -0.10997 0.46523 0.029805 0 0.21725 0.22705
ENSG00000185359.12__chr17:81701131:81701508:clu_13403 17 5051 141 depression sqtl 0.145876 -0.13852 0.43774 0.0212798 0 0.19212 0.304957
ENSG00000185504.16__chr17:81551203:81551732:clu_13383 17 5031 141 depression sqtl 0.214826 -0.10022 0.57092 0.0461501 0 0.32595 0.178324
ENSG00000185813.10__chr17:81905154:81905670:clu_13427 17 4918 141 depression sqtl 0.176276 -0.08397 0.45948 0.0310732 0 0.21112 0.180794
ENSG00000204237.4__chr17:81665584:81666518:clu_13389 17 5051 141 depression sqtl -0.0938898 -0.35316 0.14951 0.00881529 0 0.1259 0.439439
ENSG00000204237.4__chr17:81682149:81683536:clu_13389 17 5051 141 depression sqtl 0.0959749 -0.17814 0.37878 0.00921118 0 0.14446 0.47407
ENSG00000214087.8__chr17:81665584:81666518:clu_13389 17 5050 141 depression sqtl -0.0590689 -0.29165 0.16633 0.00348914 0 0.08701 0.600249
ENSG00000214087.8__chr17:81682149:81683536:clu_13389 17 5050 141 depression sqtl 0.0297662 -0.21699 0.28134 0.000886025 0 0.08704 0.804294
ENSG00000225663.7__chr17:81824554:81826380:clu_13415 17 4934 141 depression sqtl -0.134311 -0.43004 0.15783 0.0180394 0 0.18494 0.343397
