locus chr n.snps n.pcs phen1 phen2 rho rho.lower rho.upper r2 r2.lower r2.upper p
ENSG00000012171.19__chr3:50273828:50273913:clu_25874 3 2477 75 depression sqtl -0.186576 -0.50579 0.12315 0.0348105 0 0.25614 0.220573
ENSG00000012171.19__chr3:50275053:50275177:clu_25875 3 2477 75 depression sqtl 0.103932 -0.20453 0.43366 0.0108019 0 0.191 0.510435
ENSG00000114316.12__chr3:49294598:49297870:clu_25804 3 2049 75 depression sqtl 0.100424 -0.16615 0.37204 0.010085 0 0.13985 0.441434
ENSG00000114316.12__chr3:49310737:49324702:clu_25807 3 2049 75 depression sqtl 0.187233 -0.08077 0.47909 0.0350562 0 0.22953 0.167663
ENSG00000138468.15__chr3:101372126:101398861:clu_26251 3 4091 75 depression sqtl -0.395938 -0.76592 -0.0889 0.156767 0.00893 0.58664 0.0173675
ENSG00000164050.12__chr3:48413169:48413670:clu_25703 3 1861 75 depression sqtl -0.175127 -0.49826 0.12775 0.0306696 0 0.24839 0.250795
ENSG00000164050.12__chr3:48413818:48413895:clu_25703 3 1861 75 depression sqtl 0.232935 -0.05962 0.55356 0.0542589 0 0.30642 0.119391
ENSG00000164050.12__chr3:48419039:48419244:clu_25706 3 1861 75 depression sqtl -0.168133 -0.48598 0.13947 0.0282687 0 0.23618 0.261409
ENSG00000172113.8__chr3:48296236:48296727:clu_25692 3 1820 75 depression sqtl -0.124828 -0.43691 0.19001 0.015582 0 0.19285 0.410736
ENSG00000182179.12__chr3:49810183:49810263:clu_25838 3 2166 75 depression sqtl -0.248763 -0.58646 0.0648 0.0618833 0 0.34393 0.119528
