locus chr n.snps n.pcs phen1 phen2 rho rho.lower rho.upper r2 r2.lower r2.upper p
ENSG00000153707.16__chr9:8485324:8504261:clu_33374 9 6507 75 depression sqtl 0.114675 -0.14704 0.37965 0.0131503 0 0.14413 0.373347
ENSG00000196814.14__chr9:126421948:126455209:clu_34302 9 3602 75 depression sqtl -0.197578 -0.52599 0.11732 0.0390371 0 0.27666 0.197172
