locus chr n.snps n.pcs phen1 phen2 rho rho.lower rho.upper r2 r2.lower r2.upper p
ENSG00000119522.16__chr9:123557695:123583169:clu_49384 9 3444 141 depression sqtl 0.0775738 -0.22646 0.40184 0.00601769 0 0.16387 0.604293
ENSG00000136935.13__chr9:124940155:124940971:clu_49410 9 3024 141 depression sqtl 0.264445 0.00557 0.54142 0.0699311 0.00107 0.29314 0.0461705
ENSG00000178031.16__chr9:18829977:18887831:clu_48106 9 5885 141 depression sqtl -0.311898 -0.63233 -0.0406 0.0972801 0.00236 0.39984 0.0262292
ENSG00000228512.2__chr9:117761449:117778090:clu_49267 9 4913 141 depression sqtl 0.0263709 -0.2331 0.28422 0.000695424 0 0.09288 0.834887
ENSG00000228512.2__chr9:117767250:117777914:clu_49267 9 4913 141 depression sqtl 0.16658 -0.10036 0.45239 0.027749 0 0.20466 0.218839
ENSG00000228512.2__chr9:117778274:117802981:clu_49267 9 4913 141 depression sqtl -0.0954471 -0.38181 0.19051 0.00911016 0 0.14609 0.499986
