locus chr n.snps n.pcs phen1 phen2 rho rho.lower rho.upper r2 r2.lower r2.upper p
ENSG00000114270.17__chr3:48571278:48571486:clu_34315 3 1911 137 depression sqtl 0.0193326 -0.28187 0.31803 0.00037375 0 0.12366 0.894846
ENSG00000114270.17__chr3:48571278:48572001:clu_34315 3 1911 137 depression sqtl -0.0744312 -0.35261 0.19174 0.00554 0 0.12711 0.570392
ENSG00000114270.17__chr3:48575242:48575339:clu_34318 3 1911 137 depression sqtl 0.0636628 -0.2091 0.34361 0.00405295 0 0.12285 0.633255
ENSG00000114316.12__chr3:49298635:49300467:clu_34411 3 2057 137 depression sqtl -0.0490388 -0.32709 0.2125 0.00240481 0 0.11112 0.712293
ENSG00000114316.12__chr3:49300691:49302384:clu_34411 3 2057 137 depression sqtl 0.017663 -0.26186 0.29803 0.000311982 0 0.10797 0.896348
ENSG00000114841.17__chr3:52395678:52396368:clu_34610 3 2733 137 depression sqtl -0.166144 -0.45569 0.11499 0.0276038 0 0.20768 0.239773
ENSG00000114841.17__chr3:52397877:52398850:clu_34611 3 2733 137 depression sqtl 0.346161 0.07572 0.64529 0.119828 0.00653 0.4164 0.0148455
ENSG00000164050.12__chr3:48422224:48422331:clu_34293 3 1874 137 depression sqtl -0.434687 -0.80211 -0.13388 0.188953 0.01797 0.64338 0.00546761
ENSG00000225697.12__chr3:48632396:48632974:clu_34328 3 1916 137 depression sqtl 0.00154648 -0.28099 0.29402 2.39161e-06 0 0.11097 0.991045
ENSG00000225697.12__chr3:48633084:48633251:clu_34331 3 1916 137 depression sqtl -0.00531358 -0.27841 0.26505 2.82342e-05 0 0.09709 0.968397
