locus chr n.snps n.pcs phen1 phen2 rho rho.lower rho.upper r2 r2.lower r2.upper p
ENSG00000066032.18__chr2:80632780:80647585:clu_37395 2 4996 135 depression sqtl 0.197783 -0.11143 0.52814 0.039118 0 0.27893 0.187956
ENSG00000115233.11__chr2:161395203:161408837:clu_38343 2 3690 135 depression sqtl 0.329505 0.08185 0.61502 0.108574 0.00709 0.37825 0.0101412
ENSG00000115421.12__chr2:60794191:60794710:clu_37057 2 3856 135 depression sqtl 0.1449 -0.09403 0.39696 0.020996 0 0.158 0.235369
ENSG00000136560.13__chr2:161161412:161179614:clu_38336 2 3762 135 depression sqtl -0.0125771 -0.29802 0.27371 0.000158184 0 0.10624 0.928172
ENSG00000144290.16__chr2:161965173:161974249:clu_38348 2 3559 135 depression sqtl -0.114024 -0.42003 0.17427 0.0130015 0 0.17743 0.429618
ENSG00000169554.18__chr2:144517419:144518293:clu_38208 2 2876 135 depression sqtl -0.0980282 -0.35334 0.14993 0.00960953 0 0.12586 0.436663
ENSG00000179915.22__chr2:50053590:50091323:clu_36958 2 4897 135 depression sqtl -0.156078 -0.40654 0.08049 0.0243603 0 0.16528 0.204483
ENSG00000179915.22__chr2:50623615:50921869:clu_36964 2 4897 135 depression sqtl 0.0955793 -0.16746 0.37337 0.0091354 0 0.13977 0.471594
