locus chr n.snps n.pcs phen1 phen2 rho rho.lower rho.upper r2 r2.lower r2.upper p
ENSG00000131748.15__chr17:39658026:39658405:clu_10517 17 3513 117 depression sqtl 0.143627 -0.14546 0.45161 0.0206288 0 0.20395 0.313281
ENSG00000141522.11__chr17:81869957:81870636:clu_11973 17 4941 117 depression sqtl 0.0487123 -0.22068 0.33462 0.00237289 0 0.11763 0.715424
ENSG00000141522.11__chr17:81869957:81871298:clu_11973 17 4941 117 depression sqtl -0.0484232 -0.30991 0.21031 0.00234481 0 0.10188 0.704478
ENSG00000141552.17__chr17:81892106:81894467:clu_11977 17 4930 117 depression sqtl 0.0172062 -0.25023 0.29063 0.000296053 0 0.09973 0.89547
ENSG00000225663.7__chr17:81824554:81826380:clu_11970 17 4932 117 depression sqtl 0.0911605 -0.21561 0.40539 0.00831024 0 0.16682 0.541117
ENSG00000225663.7__chr17:81824554:81833238:clu_11970 17 4932 117 depression sqtl -0.143471 -0.47436 0.16843 0.020584 0 0.22554 0.350075
