locus chr n.snps n.pcs phen1 phen2 rho rho.lower rho.upper r2 r2.lower r2.upper p
ENSG00000112511.17__chr6:33411215:33412248:clu_21249 6 5031 75 depression sqtl 0.106827 -0.1598 0.37384 0.0114119 0 0.14041 0.409084
ENSG00000137312.14__chr6:30730727:30730919:clu_21022 6 2046 75 depression sqtl 0.405162 0.22562 0.59266 0.164156 0.0509 0.35125 5.55609e-05
ENSG00000137411.16__chr6:30921691:30921925:clu_21039 6 2047 75 depression sqtl -0.112328 -0.3136 0.08938 0.0126176 0 0.09849 0.282854
ENSG00000196735.11__chr6:32642253:32642610:clu_21194 6 3074 75 depression sqtl -0.127301 -0.37008 0.10398 0.0162056 0 0.13696 0.286797
ENSG00000197062.11__chr6:28271934:28272670:clu_20938 6 3055 75 depression sqtl -0.256872 -0.47726 -0.03665 0.0659831 0.00192 0.22777 0.022562
ENSG00000197062.11__chr6:28272339:28272670:clu_20938 6 3055 75 depression sqtl 0.117574 -0.06591 0.29745 0.0138237 0 0.08848 0.203466
ENSG00000198563.13__chr6:31540664:31541950:clu_21066 6 1969 75 depression sqtl 0.0310831 -0.20862 0.26124 0.000966162 0 0.07792 0.791705
ENSG00000204301.6__chr6:32198730:32200831:clu_21177 6 3242 75 depression sqtl 0.331026 0.07289 0.59024 0.109578 0.0056 0.34839 0.0122964
ENSG00000204348.9__chr6:31970378:31970606:clu_21145 6 3244 75 depression sqtl -0.0997796 -0.36325 0.16468 0.00995596 0 0.13222 0.44623
ENSG00000204348.9__chr6:31970478:31970606:clu_21145 6 3244 75 depression sqtl 0.0705693 -0.17545 0.32343 0.00498003 0 0.10614 0.563801
ENSG00000204371.11__chr6:31887101:31887577:clu_21129 6 3170 75 depression sqtl 0.158398 -0.11498 0.44403 0.02509 0 0.1974 0.247094
ENSG00000204394.12__chr6:31781123:31781481:clu_21116 6 2905 75 depression sqtl -0.142825 -0.38733 0.101 0.0203991 0 0.15003 0.234758
ENSG00000204394.12__chr6:31781952:31782087:clu_21117 6 2905 75 depression sqtl -0.0820442 -0.31284 0.1411 0.00673125 0 0.09799 0.457188
ENSG00000204410.14__chr6:31758620:31758766:clu_21108 6 2900 75 depression sqtl 0.200237 -0.06474 0.46703 0.040095 0 0.21811 0.136088
ENSG00000204472.12__chr6:31615293:31615521:clu_21074 6 2412 75 depression sqtl -0.00358307 -0.24721 0.23912 1.28384e-05 0 0.07662 0.975774
ENSG00000204472.12__chr6:31615354:31615521:clu_21074 6 2412 75 depression sqtl -0.0298273 -0.25725 0.19369 0.000889668 0 0.0724 0.791955
ENSG00000204536.13__chr6:31148728:31150066:clu_21049 6 1944 75 depression sqtl -0.0318929 -0.28072 0.21449 0.00101716 0 0.08849 0.799308
ENSG00000204592.8__chr6:30007593:30491137:clu_20969 6 1960 75 depression sqtl 0.572312 0.39239 0.75145 0.327541 0.15397 0.56468 9.60864e-08
ENSG00000204592.8__chr6:30490515:30491137:clu_20969 6 1960 75 depression sqtl -0.56964 -0.74881 -0.39444 0.32449 0.15558 0.56072 4.22975e-08
ENSG00000204655.11__chr6:29659666:29661213:clu_20957 6 1499 75 depression sqtl -0.0168571 -0.23862 0.20767 0.00028416 0 0.06855 0.880613
ENSG00000206503.12__chr6:29888742:29944122:clu_20965 6 1391 75 depression sqtl 0.230757 0.00321 0.4682 0.053249 0.00068 0.21921 0.0531908
ENSG00000206503.12__chr6:29943543:29944122:clu_20965 6 1391 75 depression sqtl -0.251751 -0.48514 -0.01775 0.0633784 0.00144 0.23536 0.032629
ENSG00000237541.3__chr6:32637540:32641310:clu_21193 6 3446 75 depression sqtl 0.150817 -0.10146 0.41685 0.0227457 0 0.17377 0.244662
ENSG00000240065.7__chr6:32854289:32856138:clu_21198 6 3818 75 depression sqtl -0.0462939 -0.25684 0.16419 0.00214313 0 0.0678 0.659838
ENSG00000241370.5__chr6:30345398:30345467:clu_20996 6 1753 75 depression sqtl 0.0372144 -0.17911 0.25508 0.00138491 0 0.06813 0.730962
ENSG00000241404.6__chr6:32164681:32166138:clu_21162 6 3190 75 depression sqtl 0.278665 0.07157 0.49287 0.0776543 0.00526 0.24292 0.00955095
