locus chr n.snps n.pcs phen1 phen2 rho rho.lower rho.upper r2 r2.lower r2.upper p
ENSG00000067560.10__chr3:49360382:49362496:clu_33411 3 1995 129 depression sqtl -0.0431494 -0.35875 0.26793 0.00186187 0 0.14103 0.775862
ENSG00000114316.12__chr3:49284919:49286098:clu_33404 3 2058 129 depression sqtl -0.134381 -0.3971 0.11402 0.0180583 0 0.15801 0.277484
ENSG00000114316.12__chr3:49286325:49292510:clu_33404 3 2058 129 depression sqtl 0.125816 -0.1398 0.40958 0.0158298 0 0.16842 0.351873
ENSG00000145029.13__chr3:49426428:49429108:clu_33417 3 1999 129 depression sqtl -0.165734 -0.48047 0.13364 0.0274678 0 0.23146 0.261071
ENSG00000178149.16__chr3:49016511:49016612:clu_33365 3 2046 129 depression sqtl 0.0744037 -0.24378 0.40351 0.00553591 0 0.16916 0.627132
ENSG00000178149.16__chr3:49016511:49016774:clu_33365 3 2046 129 depression sqtl -0.172115 -0.44781 0.0762 0.0296237 0 0.20053 0.17884
ENSG00000185909.14__chr3:49174403:49174742:clu_33400 3 2112 129 depression sqtl 0.0586237 -0.20476 0.32977 0.00343674 0 0.11205 0.639542
ENSG00000185909.14__chr3:49174966:49175062:clu_33400 3 2112 129 depression sqtl 0.0497133 -0.25441 0.366 0.00247141 0 0.14209 0.735903
ENSG00000247596.8__chr3:52229782:52229920:clu_33587 3 2705 129 depression sqtl -0.0114837 -0.27159 0.23724 0.000131875 0 0.08991 0.926605
ENSG00000247596.8__chr3:52230070:52230870:clu_33587 3 2705 129 depression sqtl 0.0561831 -0.18208 0.29294 0.00315654 0 0.08937 0.630124
