locus chr n.snps n.pcs phen1 phen2 rho rho.lower rho.upper r2 r2.lower r2.upper p
ENSG00000075413.17__chr14:103428440:103451918:clu_18040 14 4642 137 depression sqtl 0.015402 -0.25034 0.28238 0.000237222 0 0.09668 0.905951
ENSG00000075413.17__chr14:103480490:103490952:clu_18043 14 4642 137 depression sqtl 0.0981193 -0.21547 0.42305 0.0096274 0 0.18183 0.522757
ENSG00000126214.21__chr14:103679518:103684986:clu_18052 14 4641 137 depression sqtl -0.0827634 -0.35624 0.19053 0.00684979 0 0.12976 0.529152
ENSG00000131323.14__chr14:102886269:102889560:clu_18025 14 4367 137 depression sqtl -0.294975 -0.56396 -0.04832 0.0870103 0.00297 0.31805 0.019433
ENSG00000256053.7__chr14:103574170:103587274:clu_18050 14 4643 137 depression sqtl -0.21916 -0.52998 0.07268 0.0480312 0 0.28088 0.139296
