locus chr n.snps n.pcs phen1 phen2 rho rho.lower rho.upper r2 r2.lower r2.upper p
ENSG00000036549.12__chr1:77584655:77633115:clu_41718 1 4172 135 depression sqtl 0.0375503 -0.24389 0.31955 0.00141002 0 0.10995 0.779187
ENSG00000077254.14__chr1:77697931:77711747:clu_41720 1 4226 135 depression sqtl -0.27678 -0.61783 0.0321 0.0766074 0 0.38172 0.0818572
ENSG00000077254.14__chr1:77718641:77721172:clu_41723 1 4226 135 depression sqtl -0.0960919 -0.37931 0.19283 0.00923366 0 0.14579 0.478809
ENSG00000077254.14__chr1:77725762:77728295:clu_41724 1 4226 135 depression sqtl 0.156054 -0.15433 0.49872 0.0243529 0 0.24872 0.326281
ENSG00000116678.19__chr1:65622981:65630202:clu_41594 1 4342 135 depression sqtl 0.0617804 -0.23566 0.36235 0.00381682 0 0.13806 0.675318
ENSG00000116885.18__chr1:36423466:36431802:clu_40899 1 3201 135 depression sqtl -0.14822 -0.40547 0.1043 0.0219691 0 0.16441 0.240405
ENSG00000118473.21__chr1:66534368:66625847:clu_41601 1 4711 135 depression sqtl 0.167793 -0.06994 0.41823 0.0281544 0 0.17491 0.166813
ENSG00000121310.16__chr1:52906611:52907868:clu_41404 1 3766 135 depression sqtl 0.0832754 -0.1982 0.3716 0.0069348 0 0.14274 0.557239
ENSG00000121310.16__chr1:52911790:52921483:clu_41405 1 3766 135 depression sqtl -0.190193 -0.43919 0.03611 0.0361733 0 0.1929 0.103269
ENSG00000134376.15__chr1:197329003:197344281:clu_43462 1 2869 135 depression sqtl -0.284176 -0.6015 -0.00887 0.0807558 0.00134 0.3618 0.0428368
ENSG00000134376.15__chr1:197347479:197356831:clu_43462 1 2869 135 depression sqtl 0.277411 0.03142 0.56118 0.0769568 0.00205 0.31492 0.0288435
ENSG00000134748.12__chr1:52414647:52414762:clu_41393 1 3474 135 depression sqtl 0.183651 -0.09185 0.48025 0.0337277 0 0.23064 0.195947
ENSG00000143499.13__chr1:214281427:214314762:clu_43792 1 4716 135 depression sqtl 0.309521 0.08359 0.58615 0.095803 0.00717 0.34357 0.00929428
ENSG00000143499.13__chr1:214330278:214330950:clu_43793 1 4716 135 depression sqtl 0.169415 -0.10595 0.46587 0.0287015 0 0.21755 0.215263
ENSG00000152092.15__chr1:176869027:176876537:clu_43286 1 3859 135 depression sqtl -0.0486533 -0.30831 0.21391 0.00236715 0 0.10118 0.706403
ENSG00000163875.15__chr1:37495918:37496547:clu_40912 1 4185 135 depression sqtl -0.378629 -0.59124 -0.17344 0.14336 0.03008 0.34957 0.000691476
ENSG00000179456.10__chr1:244048993:244053788:clu_44227 1 3606 135 depression sqtl -0.0855142 -0.39384 0.21164 0.00731268 0 0.15738 0.559119
ENSG00000185104.19__chr1:50441523:50475464:clu_41350 1 2699 135 depression sqtl -0.108557 -0.37903 0.15931 0.0117846 0 0.14366 0.420224
ENSG00000187815.9__chr1:40477894:40479333:clu_41027 1 4592 135 depression sqtl 0.00784351 -0.26967 0.2945 6.15206e-05 0 0.10548 0.953295
ENSG00000204084.12__chr1:37868614:37872930:clu_40928 1 4339 135 depression sqtl 0.126691 -0.10407 0.36868 0.0160506 0 0.13593 0.270299
