locus chr n.snps n.pcs phen1 phen2 rho rho.lower rho.upper r2 r2.lower r2.upper p
ENSG00000136153.19__chr13:75855368:75856506:clu_1603 13 5002 89 depression sqtl -0.0201008 -0.32911 0.27647 0.000404041 0 0.12611 0.891954
ENSG00000188243.12__chr13:75530266:75549323:clu_1593 13 5032 89 depression sqtl -0.199712 -0.46694 0.05239 0.039885 0 0.21803 0.121987
