locus chr n.snps n.pcs phen1 phen2 rho rho.lower rho.upper r2 r2.lower r2.upper p
ENSG00000069764.9__chr16:14672749:14678645:clu_12984 16 2685 129 depression sqtl 0.142746 -0.1097 0.41992 0.0203765 0 0.17633 0.269205
ENSG00000103429.10__chr16:14644609:14649804:clu_12983 16 2813 129 depression sqtl -0.34646 -0.65802 -0.07195 0.120035 0.00587 0.43299 0.0173702
ENSG00000103429.10__chr16:14655210:14661892:clu_12983 16 2813 129 depression sqtl -0.325826 -0.6397 -0.04311 0.106163 0.00297 0.40921 0.0269429
ENSG00000140694.16__chr16:14617650:14627106:clu_12980 16 2813 129 depression sqtl -0.0361365 -0.32702 0.25759 0.00130585 0 0.11965 0.799039
ENSG00000196678.13__chr16:20800402:20801203:clu_13106 16 3242 129 depression sqtl 0.160497 -0.07823 0.41849 0.0257594 0 0.17513 0.18948
ENSG00000234719.8__chr16:11964026:11976568:clu_12958 16 6563 129 depression sqtl -0.0954955 -0.36541 0.16895 0.0091194 0 0.13425 0.476603
