locus chr n.snps n.pcs phen1 phen2 rho rho.lower rho.upper r2 r2.lower r2.upper p
ENSG00000075413.17__chr14:103480490:103491777:clu_13515 14 4566 75 depression sqtl -0.213138 -0.50491 0.06933 0.045428 0 0.25493 0.134277
ENSG00000075413.17__chr14:103492034:103502882:clu_13515 14 4566 75 depression sqtl 0.06854 -0.20566 0.35174 0.00469774 0 0.12718 0.616486
ENSG00000156381.8__chr14:102508846:102509529:clu_13497 14 4331 75 depression sqtl 0.140208 -0.12614 0.41706 0.0196583 0 0.17394 0.296105
ENSG00000166165.12__chr14:103522476:103522766:clu_13520 14 4539 75 depression sqtl -0.0926882 -0.35185 0.15612 0.00859109 0 0.12422 0.456043
ENSG00000166165.12__chr14:103522505:103522766:clu_13520 14 4539 75 depression sqtl 0.113395 -0.17306 0.41313 0.0128585 0 0.17117 0.433064
