locus chr n.snps n.pcs phen1 phen2 rho rho.lower rho.upper r2 r2.lower r2.upper p
ENSG00000156475.18__chr5:146856583:147055665:clu_29842 5 4208 117 depression sqtl 0.160993 -0.14992 0.4833 0.0259187 0 0.23358 0.289956
ENSG00000156475.18__chr5:146878195:147081059:clu_29842 5 4208 117 depression sqtl -0.305264 -0.63495 -0.01382 0.0931861 0.0014 0.40316 0.0414967
