locus chr n.snps n.pcs phen1 phen2 rho rho.lower rho.upper r2 r2.lower r2.upper p
ENSG00000070371.15__chr22:19199841:19201329:clu_19600 22 3539 112 depression sqtl -0.135923 -0.42379 0.13856 0.0184752 0 0.17962 0.317526
ENSG00000093010.13__chr22:19961289:19962233:clu_19629 22 4812 112 depression sqtl -0.0112189 -0.32862 0.30134 0.000125864 0 0.13158 0.941216
ENSG00000099889.13__chr22:19971335:19971886:clu_19632 22 4785 112 depression sqtl -0.260809 -0.57521 0.01343 0.0680213 0 0.33087 0.0652788
ENSG00000100393.12__chr22:41141222:41146739:clu_20292 22 2908 112 depression sqtl 0.0177841 -0.22611 0.26514 0.000316274 0 0.07921 0.883708
ENSG00000100393.12__chr22:41146816:41147837:clu_20292 22 2908 112 depression sqtl -0.0330943 -0.31042 0.24382 0.00109523 0 0.10696 0.808853
ENSG00000100401.19__chr22:41261580:41268097:clu_20302 22 2983 112 depression sqtl -0.248372 -0.56949 0.04864 0.0616888 0 0.32432 0.0979178
ENSG00000185608.8__chr22:19432607:19433265:clu_19610 22 3730 112 depression sqtl 0.124592 -0.11784 0.37984 0.0155233 0 0.14462 0.307523
ENSG00000185608.8__chr22:19432859:19433265:clu_19610 22 3730 112 depression sqtl -0.0834239 -0.35963 0.19123 0.00695955 0 0.131 0.533338
ENSG00000196236.12__chr22:40860793:40861618:clu_20287 22 2723 112 depression sqtl 0.0357004 -0.24353 0.31223 0.00127452 0 0.10626 0.795859
ENSG00000196236.12__chr22:40869115:40881770:clu_20288 22 2723 112 depression sqtl 0.0149485 -0.22845 0.26652 0.000223458 0 0.08268 0.903665
ENSG00000198911.11__chr22:41878123:41880716:clu_20335 22 3617 112 depression sqtl -0.301058 -0.61967 -0.0099 0.0906357 0.00115 0.38399 0.0378626
