locus chr n.snps n.pcs phen1 phen2 rho rho.lower rho.upper r2 r2.lower r2.upper p
ENSG00000009950.15__chr7:73595760:73596153:clu_26901 7 2297 117 depression sqtl -0.301472 -0.58112 -0.03995 0.0908852 0.00228 0.3377 0.02444
ENSG00000009950.15__chr7:73596479:73596865:clu_26902 7 2297 117 depression sqtl -0.101504 -0.34391 0.12898 0.010303 0 0.11845 0.39052
ENSG00000049540.16__chr7:74056713:74057640:clu_26924 7 2020 117 depression sqtl 0.0475806 -0.23287 0.32963 0.00226391 0 0.11589 0.73173
ENSG00000049540.16__chr7:74063695:74065694:clu_26928 7 2020 117 depression sqtl -0.24429 -0.48071 -0.01784 0.0596775 0.00093 0.23108 0.0366448
ENSG00000049540.16__chr7:74065732:74066732:clu_26928 7 2020 117 depression sqtl 0.0845765 -0.18363 0.36523 0.00715319 0 0.13392 0.527994
ENSG00000049541.10__chr7:74246763:74249739:clu_26939 7 2030 117 depression sqtl -0.164031 -0.43555 0.09419 0.0269062 0 0.18971 0.214195
ENSG00000049541.10__chr7:74249780:74254271:clu_26940 7 2030 117 depression sqtl 0.0137673 -0.24497 0.27528 0.000189537 0 0.09096 0.914184
ENSG00000071462.11__chr7:73683804:73686636:clu_26907 7 2291 117 depression sqtl 0.235338 -0.03781 0.52513 0.0553839 0 0.27576 0.0925371
ENSG00000071462.11__chr7:73684000:73686636:clu_26907 7 2291 117 depression sqtl -0.375327 -0.67474 -0.10362 0.14087 0.01099 0.45528 0.0087649
ENSG00000071462.11__chr7:73694050:73697605:clu_26909 7 2291 117 depression sqtl -0.192673 -0.45242 0.05589 0.0371228 0 0.20468 0.132357
ENSG00000146540.14__chr7:1010143:1028258:clu_26016 7 4782 117 depression sqtl 0.0814021 -0.15487 0.32152 0.0066263 0 0.10372 0.489012
ENSG00000146540.14__chr7:1010143:1055274:clu_26016 7 4782 117 depression sqtl -0.236826 -0.49135 0.0083 0.0560864 0 0.24143 0.0595567
ENSG00000146540.14__chr7:1010143:1127257:clu_26016 7 4782 117 depression sqtl -0.164094 -0.36167 0.02141 0.0269268 0 0.1308 0.0922172
ENSG00000146540.14__chr7:1027027:1028258:clu_26016 7 4782 117 depression sqtl 0.142084 -0.10032 0.3812 0.020188 0 0.14597 0.234257
ENSG00000146540.14__chr7:1127386:1137315:clu_26020 7 4782 117 depression sqtl 0.124992 -0.10803 0.36135 0.0156231 0 0.13077 0.291739
ENSG00000164828.17__chr7:832101:832505:clu_26000 7 4065 117 depression sqtl 0.05948 -0.22177 0.34124 0.00353787 0 0.12187 0.657977
ENSG00000164828.17__chr7:843520:851384:clu_26002 7 4065 117 depression sqtl -0.210918 -0.49715 0.04143 0.0444864 0 0.24716 0.107251
ENSG00000164853.8__chr7:1233695:1235832:clu_26023 7 4756 117 depression sqtl -0.28839 -0.55387 -0.03595 0.083169 0.00225 0.30677 0.0272144
ENSG00000164853.8__chr7:1289053:1292926:clu_26023 7 4756 117 depression sqtl 0.166121 -0.10103 0.42734 0.0275961 0 0.18262 0.210919
ENSG00000164880.15__chr7:1479684:1480317:clu_26044 7 5429 117 depression sqtl -0.221441 -0.48339 0.02735 0.049036 0 0.23367 0.0853699
ENSG00000164880.15__chr7:1480441:1480835:clu_26044 7 5429 117 depression sqtl 0.263524 0.01474 0.53053 0.0694446 0.00115 0.28146 0.0409477
ENSG00000165171.10__chr7:73840549:73841070:clu_26917 7 2053 117 depression sqtl 0.17912 -0.08688 0.46212 0.0320838 0 0.21355 0.189364
ENSG00000178381.11__chr7:1127386:1137315:clu_26020 7 4757 117 depression sqtl 0.100321 -0.153 0.36109 0.0100644 0 0.13166 0.435884
ENSG00000230487.7__chr7:1583269:1584384:clu_26059 7 5579 117 depression sqtl -0.0928117 -0.36855 0.17446 0.00861402 0 0.13767 0.491326
ENSG00000263001.5__chr7:74716950:74728786:clu_26954 7 1963 117 depression sqtl 0.00277884 -0.24567 0.25536 7.72194e-06 0 0.08455 0.982107
ENSG00000263001.5__chr7:74735532:74736500:clu_26957 7 1963 117 depression sqtl -0.212614 -0.47351 0.03364 0.0452047 0 0.22421 0.0950627
