locus chr n.snps n.pcs phen1 phen2 rho rho.lower rho.upper r2 r2.lower r2.upper p
ENSG00000050438.16__chr12:51425035:51440708:clu_2750 12 4129 86 depression sqtl 0.269481 0.00744 0.56912 0.0726201 9e-04 0.32389 0.0483278
ENSG00000110871.14__chr12:120522363:120526457:clu_3829 12 4541 86 depression sqtl -0.137404 -0.39689 0.11517 0.01888 0 0.15772 0.276366
ENSG00000111737.11__chr12:120098935:120099030:clu_3801 12 4507 86 depression sqtl -0.136043 -0.46523 0.18236 0.0185078 0 0.21722 0.375049
ENSG00000111737.11__chr12:120103949:120108417:clu_3802 12 4507 86 depression sqtl 0.213908 -0.10949 0.57482 0.0457568 0 0.33042 0.186694
ENSG00000139433.9__chr12:109857659:109857855:clu_3574 12 3685 86 depression sqtl 0.17033 -0.09742 0.45974 0.0290124 0 0.21152 0.197878
ENSG00000139433.9__chr12:109858193:109858683:clu_3574 12 3685 86 depression sqtl 0.00734829 -0.27548 0.28606 5.39974e-05 0 0.1072 0.95539
ENSG00000167272.10__chr12:120579923:120581115:clu_3836 12 4468 86 depression sqtl -0.302103 -0.54165 -0.08104 0.0912662 0.00666 0.29339 0.00863915
ENSG00000257218.5__chr12:120446829:120457076:clu_3824 12 4599 86 depression sqtl -0.233803 -0.52952 0.04722 0.0546641 0 0.28039 0.105273
