locus chr n.snps n.pcs phen1 phen2 rho rho.lower rho.upper r2 r2.lower r2.upper p
ENSG00000002822.15__chr7:2069338:2149152:clu_24927 7 5881 135 depression sqtl -0.0163896 -0.29804 0.26411 0.000268618 0 0.10654 0.904351
ENSG00000006704.10__chr7:74519719:74521208:clu_25811 7 1931 135 depression sqtl 0.115832 -0.16724 0.41338 0.0134172 0 0.17105 0.421477
ENSG00000006704.10__chr7:74555223:74555438:clu_25813 7 1931 135 depression sqtl -0.0558792 -0.32512 0.19855 0.00312248 0 0.10901 0.665567
ENSG00000009950.15__chr7:73595760:73595842:clu_25768 7 2299 135 depression sqtl 0.173107 -0.08551 0.45814 0.0299659 0 0.20989 0.202684
ENSG00000009950.15__chr7:73596786:73596865:clu_25769 7 2299 135 depression sqtl 0.1976 -0.06552 0.48388 0.0390458 0 0.23414 0.14038
ENSG00000009954.10__chr7:73508471:73510736:clu_25760 7 2320 135 depression sqtl -0.0557293 -0.35288 0.25722 0.00310576 0 0.13387 0.698114
ENSG00000049540.16__chr7:74037739:74041216:clu_25785 7 2022 135 depression sqtl -0.161314 -0.45857 0.11449 0.0260222 0 0.21028 0.245728
ENSG00000106077.18__chr7:73737110:73737562:clu_25780 7 2266 135 depression sqtl 0.170416 -0.08317 0.43327 0.0290417 0 0.18772 0.172119
ENSG00000106077.18__chr7:73738463:73738646:clu_25782 7 2266 135 depression sqtl -0.11022 -0.38678 0.14336 0.0121484 0 0.15017 0.381566
ENSG00000106665.15__chr7:74317667:74338448:clu_25804 7 2031 135 depression sqtl 0.182078 -0.09767 0.48474 0.0331524 0 0.23497 0.199143
ENSG00000106665.15__chr7:74339004:74353880:clu_25804 7 2031 135 depression sqtl -0.10624 -0.33217 0.11459 0.011287 0 0.11053 0.335824
ENSG00000106682.14__chr7:74189918:74190247:clu_25797 7 2032 135 depression sqtl 0.878972 0.6475 1 0.772593 0.41926 1 4.17327e-09
ENSG00000130305.16__chr7:73304404:73304747:clu_25754 7 2415 135 depression sqtl 0.269874 0.00717 0.55143 0.072832 0.00099 0.30407 0.0352109
ENSG00000130305.16__chr7:73304408:73304747:clu_25754 7 2415 135 depression sqtl -0.295716 -0.59024 -0.02398 0.0874482 0.00164 0.34838 0.0342887
ENSG00000146540.14__chr7:1127386:1138189:clu_24896 7 4765 135 depression sqtl 0.0709193 -0.12945 0.27866 0.00502954 0 0.07805 0.487931
ENSG00000146540.14__chr7:1153224:1155453:clu_24896 7 4765 135 depression sqtl -0.10849 -0.36275 0.14772 0.01177 0 0.13197 0.392431
ENSG00000146540.14__chr7:1155584:1157656:clu_24896 7 4765 135 depression sqtl -0.0697471 -0.27887 0.13573 0.00486466 0 0.07884 0.498677
ENSG00000164850.14__chr7:1087244:1091407:clu_24895 7 4865 135 depression sqtl 0.152313 -0.07244 0.38498 0.0231991 0 0.14829 0.181663
ENSG00000164877.18__chr7:1443724:1444652:clu_24900 7 5287 135 depression sqtl -0.228634 -0.47738 0.00377 0.0522736 0 0.22789 0.0566982
ENSG00000178381.11__chr7:1127386:1138189:clu_24896 7 4753 135 depression sqtl 0.084047 -0.1092 0.28227 0.0070639 0 0.07977 0.394903
ENSG00000178381.11__chr7:1153224:1155453:clu_24896 7 4753 135 depression sqtl -0.140629 -0.39247 0.10585 0.0197765 0 0.15404 0.256401
ENSG00000263001.5__chr7:74716950:74718879:clu_25817 7 1968 135 depression sqtl 0.0311667 -0.2294 0.29886 0.000971363 0 0.09773 0.809551
ENSG00000263001.5__chr7:74718941:74728786:clu_25817 7 1968 135 depression sqtl 0.363411 0.1045 0.64018 0.132067 0.01095 0.40982 0.00612318
ENSG00000274070.1__chr7:75021956:75024440:clu_25825 7 2343 135 depression sqtl 0.167932 -0.0689 0.4298 0.0282011 0 0.18473 0.168483
ENSG00000274070.1__chr7:75024534:75024634:clu_25825 7 2343 135 depression sqtl -0.228809 -0.51995 0.03417 0.0523536 0 0.27034 0.0882848
