locus chr n.snps n.pcs phen1 phen2 rho rho.lower rho.upper r2 r2.lower r2.upper p
ENSG00000164796.17__chr8:112976148:113019067:clu_47585 8 4648 135 depression sqtl -0.2737 -0.59752 0.00661 0.0749115 0 0.35703 0.0569125
ENSG00000172817.3__chr8:64596929:64604682:clu_47153 8 3753 135 depression sqtl -0.0693001 -0.36469 0.21264 0.00480251 0 0.13722 0.614286
