locus chr n.snps n.pcs phen1 phen2 rho rho.lower rho.upper r2 r2.lower r2.upper p
ENSG00000136153.19__chr13:75808199:75809154:clu_1953 13 5017 129 depression sqtl 0.493847 0.21554 0.83407 0.243885 0.04646 0.69567 0.00110965
ENSG00000136153.19__chr13:75842916:75845327:clu_1958 13 5017 129 depression sqtl -0.125901 -0.41812 0.15565 0.0158511 0 0.17521 0.368059
ENSG00000136153.19__chr13:75845379:75849079:clu_1958 13 5017 129 depression sqtl 0.191757 -0.09652 0.49557 0.0367707 0 0.24559 0.183763
ENSG00000136153.19__chr13:75853388:75856506:clu_1959 13 5017 129 depression sqtl 0.14904 -0.09271 0.40353 0.0222128 0 0.16284 0.209599
ENSG00000188243.12__chr13:75537675:75537764:clu_1946 13 5045 129 depression sqtl 0.289781 0.07232 0.53071 0.0839728 0.0054 0.28165 0.0103055
