locus chr n.snps n.pcs phen1 phen2 rho rho.lower rho.upper r2 r2.lower r2.upper p
ENSG00000010319.6__chr3:52438199:52438745:clu_34452 3 2796 135 depression sqtl -0.0259148 -0.29957 0.24786 0.000671576 0 0.10172 0.843589
ENSG00000010319.6__chr3:52438199:52438920:clu_34452 3 2796 135 depression sqtl -0.0319205 -0.3219 0.26303 0.00101892 0 0.11756 0.82254
ENSG00000114270.17__chr3:48564422:48564783:clu_34141 3 1912 135 depression sqtl 0.29656 0.01043 0.61835 0.0879477 0.00133 0.38236 0.0461827
ENSG00000114316.12__chr3:49293667:49294407:clu_34236 3 2058 135 depression sqtl -0.0441407 -0.28764 0.1936 0.0019484 0 0.08829 0.70584
ENSG00000114316.12__chr3:49305888:49310620:clu_34239 3 2058 135 depression sqtl -0.100495 -0.37698 0.14945 0.0100993 0 0.14268 0.432985
ENSG00000114316.12__chr3:49311654:49324702:clu_34239 3 2058 135 depression sqtl -0.0189193 -0.2735 0.22829 0.000357941 0 0.08617 0.877426
ENSG00000173402.11__chr3:49492973:49510419:clu_34249 3 2014 135 depression sqtl -0.0280617 -0.30391 0.24046 0.00078746 0 0.10495 0.829051
ENSG00000185909.14__chr3:49175163:49175605:clu_34231 3 2112 135 depression sqtl -0.153707 -0.4712 0.14864 0.0236258 0 0.22207 0.308749
ENSG00000225697.12__chr3:48631140:48631224:clu_34162 3 1917 135 depression sqtl 0.329661 0.09835 0.61172 0.108677 0.00967 0.3742 0.00624447
ENSG00000225697.12__chr3:48631140:48631253:clu_34162 3 1917 135 depression sqtl -0.313116 -0.59278 -0.06956 0.0980415 0.0054 0.35138 0.0125802
ENSG00000247596.8__chr3:52232122:52235029:clu_34419 3 2708 135 depression sqtl -0.106385 -0.43644 0.20942 0.0113177 0 0.19499 0.487652
