locus chr n.snps n.pcs phen1 phen2 rho rho.lower rho.upper r2 r2.lower r2.upper p
ENSG00000077616.10__chr11:90158238:90159239:clu_6653 11 3841 117 depression sqtl 0.178745 -0.02764 0.38861 0.0319498 0 0.15102 0.090043
ENSG00000077616.10__chr11:90170136:90173824:clu_6656 11 3841 117 depression sqtl 0.324784 0.0824 0.57319 0.105485 0.00718 0.32854 0.0109361
ENSG00000133318.13__chr11:63753708:63756112:clu_5807 11 3197 117 depression sqtl 0.00507813 -0.25561 0.25392 2.57874e-05 0 0.08944 0.966796
ENSG00000149091.15__chr11:46376564:46378198:clu_5454 11 3101 117 depression sqtl -0.0470437 -0.32496 0.22872 0.00221311 0 0.11094 0.723021
ENSG00000149179.13__chr11:47154471:47155176:clu_5480 11 2503 117 depression sqtl 0.340367 0.08442 0.63072 0.115849 0.00735 0.3978 0.0123665
ENSG00000149292.16__chr11:113314618:113316243:clu_6873 11 4571 117 depression sqtl -0.339528 -0.5992 -0.1023 0.115279 0.0107 0.35905 0.00662171
ENSG00000156599.10__chr11:57673194:57682422:clu_5588 11 4337 117 depression sqtl 0.210299 -0.05497 0.50855 0.0442257 0 0.25862 0.121818
ENSG00000168000.14__chr11:62692473:62694568:clu_5752 11 3810 117 depression sqtl -0.0324483 -0.28615 0.21783 0.00105289 0 0.09022 0.790885
ENSG00000174483.19__chr11:66511089:66514406:clu_6111 11 2581 117 depression sqtl 0.177698 -0.07545 0.44942 0.0315767 0 0.20212 0.172652
ENSG00000174483.19__chr11:66515933:66519617:clu_6113 11 2581 117 depression sqtl -0.190288 -0.48363 0.09282 0.0362097 0 0.2339 0.186555
ENSG00000174483.19__chr11:66515933:66519621:clu_6113 11 2581 117 depression sqtl 0.10156 -0.16063 0.37477 0.0103144 0 0.14185 0.437671
ENSG00000174791.10__chr11:66335876:66335978:clu_6089 11 2625 117 depression sqtl 0.217522 -0.05615 0.49528 0.0473157 0 0.2453 0.111031
ENSG00000174851.15__chr11:66291086:66291610:clu_6085 11 2594 117 depression sqtl 0.103881 -0.14575 0.36616 0.0107913 0 0.135 0.404732
ENSG00000175216.14__chr11:46760375:46760612:clu_5473 11 2521 117 depression sqtl -0.333705 -0.60345 -0.10818 0.111359 0.01172 0.36415 0.00422382
ENSG00000175224.16__chr11:46656273:46657095:clu_5464 11 2763 117 depression sqtl -0.261602 -0.5496 -0.00241 0.0684355 0.00092 0.30206 0.0548022
ENSG00000175334.7__chr11:66003373:66003626:clu_6061 11 2786 117 depression sqtl 0.0103229 -0.29108 0.31154 0.000106562 0 0.12245 0.943629
ENSG00000175376.8__chr11:66000406:66001910:clu_6060 11 2786 117 depression sqtl -0.166401 -0.45943 0.1102 0.0276892 0 0.21168 0.227321
ENSG00000175467.14__chr11:65962093:65964006:clu_6053 11 2837 117 depression sqtl 0.262871 -0.00648 0.56727 0.069101 0 0.32179 0.0512824
ENSG00000175467.14__chr11:65962093:65964074:clu_6053 11 2837 117 depression sqtl -0.29115 -0.5814 -0.03285 0.0847685 0.00216 0.33803 0.0274311
ENSG00000214753.2__chr11:62715607:62716989:clu_5757 11 3797 117 depression sqtl -0.517755 -0.83932 -0.25045 0.26807 0.06273 0.70446 0.000416278
