locus chr n.snps n.pcs phen1 phen2 rho rho.lower rho.upper r2 r2.lower r2.upper p
ENSG00000169689.14__chr17:82019694:82019858:clu_11194 17 4851 112 depression sqtl -0.349019 -0.68293 -0.06258 0.121815 0.00496 0.46639 0.0190567
ENSG00000169689.14__chr17:82019909:82022639:clu_11194 17 4851 112 depression sqtl 0.165818 -0.16318 0.50759 0.0274957 0 0.25781 0.302012
ENSG00000169718.17__chr17:82062973:82063468:clu_11221 17 4894 112 depression sqtl 0.133498 -0.12425 0.40424 0.0178217 0 0.16373 0.303667
ENSG00000169718.17__chr17:82063518:82064126:clu_11221 17 4894 112 depression sqtl -0.135318 -0.41352 0.13494 0.0183109 0 0.17104 0.314871
