locus chr n.snps n.pcs phen1 phen2 rho rho.lower rho.upper r2 r2.lower r2.upper p
ENSG00000041353.9__chr18:54718141:54877567:clu_18827 18 4645 101 depression sqtl -0.0451304 -0.24868 0.16052 0.00203676 0 0.06368 0.66115
ENSG00000134046.11__chr18:54166166:54188874:clu_18819 18 5196 101 depression sqtl 0.170163 -0.03634 0.37615 0.0289556 0 0.14149 0.10583
