locus chr n.snps n.pcs phen1 phen2 rho rho.lower rho.upper r2 r2.lower r2.upper p
ENSG00000163319.10__chr4:83456177:83456909:clu_28434 4 4289 114 depression sqtl 0.153882 -0.11445 0.4435 0.0236797 0 0.19696 0.252512
ENSG00000163319.10__chr4:83456958:83460973:clu_28435 4 4289 114 depression sqtl -0.0925735 -0.35143 0.15055 0.00856986 0 0.12475 0.440283
ENSG00000164125.15__chr4:158171599:158172339:clu_28930 4 4064 114 depression sqtl 0.134423 -0.14071 0.4194 0.0180694 0 0.17625 0.327383
