locus chr n.snps n.pcs phen1 phen2 rho rho.lower rho.upper r2 r2.lower r2.upper p
ENSG00000076513.16__chr12:110025823:110027705:clu_4105 12 3580 129 depression sqtl 0.509449 0.25374 0.80625 0.259538 0.06439 0.65003 0.000222584
ENSG00000076513.16__chr12:110025823:110027708:clu_4105 12 3580 129 depression sqtl -0.573552 -0.91079 -0.30081 0.328962 0.09049 0.82953 0.000135074
ENSG00000111364.15__chr12:123606159:123607432:clu_4553 12 4239 129 depression sqtl 0.118181 -0.19377 0.44543 0.0139668 0 0.19907 0.442701
ENSG00000119242.8__chr12:123944740:123945704:clu_4573 12 4750 129 depression sqtl 0.226258 -0.01369 0.49567 0.0511929 0 0.24569 0.0658958
ENSG00000122966.15__chr12:119688255:119690151:clu_4333 12 4453 129 depression sqtl 0.443364 0.16667 0.79178 0.196571 0.02778 0.62692 0.00334326
ENSG00000122966.15__chr12:119697838:119697976:clu_4335 12 4453 129 depression sqtl 0.119777 -0.18042 0.43345 0.0143464 0 0.19003 0.422917
ENSG00000122966.15__chr12:119698054:119700745:clu_4335 12 4453 129 depression sqtl -0.110408 -0.41013 0.18516 0.01219 0 0.17113 0.444834
ENSG00000122966.15__chr12:119711093:119712178:clu_4337 12 4453 129 depression sqtl -0.0168293 -0.31847 0.2887 0.000283227 0 0.12634 0.907855
ENSG00000122970.15__chr12:110147048:110162919:clu_4112 12 3443 129 depression sqtl 0.209483 -0.08622 0.52588 0.043883 0 0.27688 0.163858
ENSG00000122970.15__chr12:110161283:110162919:clu_4112 12 3443 129 depression sqtl -0.138082 -0.44779 0.15552 0.0190666 0 0.20096 0.349914
ENSG00000122970.15__chr12:110163065:110167871:clu_4113 12 3443 129 depression sqtl 0.156671 -0.14465 0.47707 0.0245459 0 0.22778 0.300365
ENSG00000135114.12__chr12:121024137:121027576:clu_4407 12 4506 129 depression sqtl -0.150187 -0.4674 0.15238 0.0225561 0 0.21853 0.316481
ENSG00000157895.11__chr12:121010926:121011104:clu_4405 12 4465 129 depression sqtl 0.064057 -0.17427 0.30718 0.0041033 0 0.09679 0.583697
ENSG00000157895.11__chr12:121011146:121016330:clu_4406 12 4465 129 depression sqtl -0.00107284 -0.27204 0.27128 1.15098e-06 0 0.09921 0.993585
ENSG00000179195.15__chr12:124003540:124004878:clu_4576 12 4751 129 depression sqtl -0.460055 -0.78586 -0.21141 0.21165 0.04469 0.61757 0.000576773
