locus chr n.snps n.pcs phen1 phen2 rho rho.lower rho.upper r2 r2.lower r2.upper p
ENSG00000144290.16__chr2:161976876:161983179:clu_36801 2 3559 117 depression sqtl 0.301439 0.04275 0.60325 0.0908658 0.0025 0.36392 0.0277668
ENSG00000179915.22__chr2:49922251:49943704:clu_35471 2 4891 117 depression sqtl 0.00416428 -0.23314 0.24075 1.73412e-05 0 0.07668 0.972335
ENSG00000179915.22__chr2:49922251:49943713:clu_35471 2 4891 117 depression sqtl -0.0174683 -0.23266 0.1931 0.00030514 0 0.06072 0.868134
