locus chr n.snps n.pcs phen1 phen2 rho rho.lower rho.upper r2 r2.lower r2.upper p
ENSG00000077616.10__chr11:90134836:90135559:clu_5202 11 3838 75 depression sqtl -0.278392 -0.48257 -0.08099 0.0775021 0.00664 0.23287 0.00578268
ENSG00000086827.8__chr11:113697418:113706222:clu_5376 11 4691 75 depression sqtl 0.0650878 -0.20052 0.33481 0.00423642 0 0.11746 0.624256
ENSG00000109920.12__chr11:47765362:47767063:clu_4302 11 3385 75 depression sqtl 0.102362 -0.19171 0.41219 0.0104779 0 0.17229 0.479387
ENSG00000109920.12__chr11:47765362:47767069:clu_4302 11 3385 75 depression sqtl -0.141561 -0.48777 0.19269 0.0200396 0 0.23963 0.386133
ENSG00000149179.13__chr11:46936851:46987208:clu_4249 11 2494 75 depression sqtl 0.0018601 -0.30182 0.30233 3.45996e-06 0 0.11988 0.989857
ENSG00000149179.13__chr11:47137729:47155176:clu_4250 11 2494 75 depression sqtl -0.169422 -0.48614 0.14242 0.0287039 0 0.23633 0.266162
ENSG00000149292.16__chr11:113314618:113316243:clu_5365 11 4554 75 depression sqtl -0.179964 -0.40302 0.03934 0.0323872 0 0.16243 0.0983255
ENSG00000166682.10__chr11:113688274:113689765:clu_5375 11 4712 75 depression sqtl -0.000813854 -0.28966 0.28762 6.62358e-07 0 0.11091 0.995441
ENSG00000166682.10__chr11:113733814:113736620:clu_5376 11 4712 75 depression sqtl -0.285944 -0.55926 -0.023 0.0817637 0.00191 0.31277 0.0320662
ENSG00000173039.18__chr11:65662205:65662826:clu_4693 11 2910 75 depression sqtl 0.0527074 -0.26526 0.37871 0.00277807 0 0.15225 0.732817
ENSG00000173327.7__chr11:65608448:65610812:clu_4680 11 2925 75 depression sqtl -0.0931063 -0.38381 0.18336 0.00866877 0 0.15064 0.494026
ENSG00000174851.15__chr11:66284966:66285701:clu_4744 11 2592 75 depression sqtl 0.0659719 -0.2075 0.34707 0.00435229 0 0.12587 0.624422
ENSG00000175224.16__chr11:46669532:46672255:clu_4239 11 2750 75 depression sqtl -0.287184 -0.61378 0.00656 0.0824747 0 0.37672 0.0580158
ENSG00000176485.11__chr11:63598163:63614000:clu_4515 11 3178 75 depression sqtl -0.214994 -0.5542 0.09309 0.0462223 0 0.30714 0.172867
