locus chr n.snps n.pcs phen1 phen2 rho rho.lower rho.upper r2 r2.lower r2.upper p
ENSG00000058600.15__chr16:22308225:22308925:clu_11686 16 2201 101 depression sqtl 0.135915 -0.15448 0.44845 0.0184729 0 0.20136 0.35032
ENSG00000103319.11__chr16:22264880:22266390:clu_11684 16 2096 101 depression sqtl 0.115224 -0.18853 0.43487 0.0132766 0 0.18924 0.431798
ENSG00000103429.10__chr16:14649973:14655066:clu_11518 16 2809 101 depression sqtl 0.178467 -0.12192 0.47662 0.0318505 0 0.2274 0.222896
ENSG00000196678.13__chr16:20800038:20800302:clu_11639 16 3241 101 depression sqtl -0.074302 -0.3703 0.22421 0.00552078 0 0.14228 0.605623
