locus chr n.snps n.pcs phen1 phen2 rho rho.lower rho.upper r2 r2.lower r2.upper p
ENSG00000070413.19__chr22:19052605:19056986:clu_21061 22 3286 117 depression sqtl -0.0185851 -0.29995 0.25724 0.000345406 0 0.10389 0.889275
ENSG00000100056.11__chr22:19139729:19139855:clu_21065 22 3286 117 depression sqtl 0.0265925 -0.23976 0.29241 0.000707162 0 0.09796 0.839342
ENSG00000100056.11__chr22:19140024:19142538:clu_21065 22 3286 117 depression sqtl 0.0757332 -0.22726 0.39502 0.00573552 0 0.16067 0.614949
ENSG00000100075.9__chr22:19177204:19177727:clu_21068 22 3322 117 depression sqtl 0.123811 -0.12293 0.38059 0.0153292 0 0.1449 0.311586
ENSG00000100075.9__chr22:19178041:19178133:clu_21068 22 3322 117 depression sqtl -0.119006 -0.38076 0.12156 0.0141624 0 0.14515 0.334661
ENSG00000100395.14__chr22:41214026:41216139:clu_21819 22 2987 117 depression sqtl -0.282811 -0.53659 -0.05006 0.0799822 0.00315 0.28793 0.0181703
ENSG00000100401.19__chr22:41281082:41285363:clu_21830 22 2985 117 depression sqtl 0.198006 -0.08042 0.49532 0.0392064 0 0.24534 0.160213
ENSG00000100401.19__chr22:41281082:41285544:clu_21830 22 2985 117 depression sqtl 0.172676 -0.06173 0.42401 0.029817 0 0.17978 0.149939
ENSG00000100403.11__chr22:41301772:41320655:clu_21831 22 2997 117 depression sqtl 0.172507 -0.12055 0.49341 0.0297588 0 0.24383 0.245157
ENSG00000100403.11__chr22:41320713:41325564:clu_21831 22 2997 117 depression sqtl -0.151221 -0.46107 0.14684 0.0228678 0 0.21265 0.306755
ENSG00000183597.15__chr22:20063442:20064542:clu_21115 22 4787 117 depression sqtl 0.154396 -0.12069 0.44946 0.023838 0 0.2024 0.270152
ENSG00000196236.12__chr22:40857245:40868999:clu_21811 22 2727 117 depression sqtl -0.156568 -0.38544 0.06266 0.0245135 0 0.14857 0.169891
ENSG00000196236.12__chr22:40860793:40861618:clu_21811 22 2727 117 depression sqtl 0.18579 -0.05739 0.43165 0.0345178 0 0.18633 0.126498
ENSG00000244486.8__chr22:20442438:20446443:clu_21141 22 4012 117 depression sqtl 0.0489534 -0.21088 0.31347 0.00239644 0 0.10435 0.699231
