locus chr n.snps n.pcs phen1 phen2 rho rho.lower rho.upper r2 r2.lower r2.upper p
ENSG00000065613.13__chr10:104008356:104018160:clu_8848 10 3726 117 depression sqtl -0.306042 -0.5467 -0.0722 0.093662 0.00553 0.29889 0.0116644
ENSG00000065621.14__chr10:104278116:104279370:clu_8870 10 3963 117 depression sqtl -0.0930699 -0.33707 0.1486 0.00866201 0 0.11393 0.441109
ENSG00000148814.17__chr10:132351753:132355790:clu_9207 10 5875 117 depression sqtl -0.00883421 -0.3016 0.28708 7.80433e-05 0 0.11925 0.951538
ENSG00000148814.17__chr10:132365550:132375066:clu_9209 10 5875 117 depression sqtl 0.0604059 -0.18398 0.31111 0.00364887 0 0.09991 0.609855
ENSG00000148834.12__chr10:104231920:104235288:clu_8863 10 3981 117 depression sqtl -0.295288 -0.51875 -0.08839 0.0871948 0.00786 0.2691 0.00649173
ENSG00000148834.12__chr10:104259798:104262979:clu_8868 10 3981 117 depression sqtl 0.0959138 -0.1204 0.31818 0.00919946 0 0.10124 0.384835
ENSG00000151892.14__chr10:116125557:116269503:clu_8946 10 3882 117 depression sqtl -0.408311 -0.69971 -0.17437 0.166717 0.0304 0.4896 0.00109629
ENSG00000197748.12__chr10:104133784:104140842:clu_8853 10 3981 117 depression sqtl 0.370465 0.1516 0.60765 0.137245 0.02298 0.36924 0.00132131
ENSG00000197748.12__chr10:104198038:104203672:clu_8859 10 3981 117 depression sqtl -0.0451486 -0.25665 0.16699 0.0020384 0 0.06802 0.661972
ENSG00000216937.13__chr10:32565620:32567670:clu_7701 10 4908 117 depression sqtl -0.618224 -0.95137 -0.36828 0.382201 0.13563 0.90511 1.90369e-05
ENSG00000216937.13__chr10:32584304:32623719:clu_7703 10 4908 117 depression sqtl 0.194315 -0.09006 0.51295 0.0377583 0 0.26312 0.177137
