locus chr n.snps n.pcs phen1 phen2 rho rho.lower rho.upper r2 r2.lower r2.upper p
ENSG00000100711.13__chr14:103729182:103732620:clu_15548 14 4744 101 depression sqtl -0.10697 -0.3801 0.15464 0.0114426 0 0.14491 0.415585
ENSG00000126214.21__chr14:103571820:103574107:clu_15540 14 4638 101 depression sqtl -0.108768 -0.35208 0.12449 0.0118304 0 0.12437 0.353212
ENSG00000131323.14__chr14:102903429:102905213:clu_15520 14 4365 101 depression sqtl -0.147049 -0.39289 0.08258 0.0216234 0 0.15436 0.209299
ENSG00000156381.8__chr14:102508846:102509529:clu_15516 14 4390 101 depression sqtl 0.454642 0.19983 0.76701 0.206699 0.03993 0.58831 0.000887735
ENSG00000256053.7__chr14:103571820:103574107:clu_15540 14 4640 101 depression sqtl -0.107796 -0.34701 0.12384 0.0116199 0 0.12067 0.355782
