locus chr n.snps n.pcs phen1 phen2 rho rho.lower rho.upper r2 r2.lower r2.upper p
ENSG00000119522.16__chr9:123583270:123609436:clu_46868 9 3444 117 depression sqtl 0.250384 -0.00861 0.5352 0.0626923 0 0.28644 0.0584274
ENSG00000136930.12__chr9:124384656:124405317:clu_46874 9 3418 117 depression sqtl 0.396548 0.15487 0.65939 0.157251 0.02399 0.43479 0.00216361
ENSG00000136930.12__chr9:124405432:124412352:clu_46874 9 3418 117 depression sqtl -0.396916 -0.69529 -0.12996 0.157543 0.017 0.48342 0.0059035
ENSG00000147912.12__chr9:37521838:37522825:clu_45981 9 4393 117 depression sqtl -0.257572 -0.59434 0.0423 0.0663432 0 0.35324 0.0882248
