locus chr n.snps n.pcs phen1 phen2 rho rho.lower rho.upper r2 r2.lower r2.upper p
ENSG00000010318.20__chr3:52414587:52414728:clu_29886 3 2756 101 depression sqtl -0.032777 -0.33665 0.27474 0.00107433 0 0.13005 0.822899
ENSG00000067560.10__chr3:49375591:49411323:clu_29708 3 1994 101 depression sqtl 0.0469123 -0.21691 0.32362 0.00220076 0 0.11305 0.719417
ENSG00000067560.10__chr3:49375591:49411820:clu_29708 3 1994 101 depression sqtl -0.0721922 -0.33091 0.1824 0.00521171 0 0.11178 0.563247
ENSG00000145029.13__chr3:49425438:49426252:clu_29709 3 1998 101 depression sqtl 0.255522 -0.06378 0.59923 0.0652915 0 0.35908 0.104725
ENSG00000163930.9__chr3:52407316:52407958:clu_29883 3 2756 101 depression sqtl 0.329264 0.0421 0.65734 0.108415 0.00304 0.4321 0.0275543
ENSG00000164062.12__chr3:49675966:49676056:clu_29715 3 2107 101 depression sqtl -0.200449 -0.5065 0.07508 0.0401797 0 0.25654 0.150346
