locus chr n.snps n.pcs phen1 phen2 rho rho.lower rho.upper r2 r2.lower r2.upper p
ENSG00000065621.14__chr10:104297684:104299128:clu_8580 10 3956 117 depression sqtl 0.223558 -0.04043 0.49572 0.0499784 0 0.24574 0.10164
ENSG00000107957.16__chr10:103661114:103693028:clu_8554 10 3653 117 depression sqtl 0.0383075 -0.17 0.24316 0.00146747 0 0.06275 0.717438
ENSG00000148814.17__chr10:132337695:132344498:clu_8902 10 5876 117 depression sqtl -0.180835 -0.48208 0.10207 0.0327011 0 0.23241 0.204578
ENSG00000148814.17__chr10:132351753:132352906:clu_8906 10 5876 117 depression sqtl 0.0334053 -0.22912 0.29777 0.00111591 0 0.0974 0.79342
