locus chr n.snps n.pcs phen1 phen2 rho rho.lower rho.upper r2 r2.lower r2.upper p
ENSG00000066032.18__chr2:79505182:79651552:clu_37512 2 4994 137 depression sqtl -0.0650879 -0.3121 0.17397 0.00423644 0 0.10001 0.58617
ENSG00000225539.5__chr2:194377337:194416196:clu_38867 2 3565 137 depression sqtl 0.171566 -0.0795 0.44557 0.0294347 0 0.19901 0.160025
ENSG00000233723.7__chr2:59022982:59058561:clu_37180 2 3825 137 depression sqtl 0.052245 -0.19345 0.2978 0.00272954 0 0.09277 0.666035
ENSG00000235597.1__chr2:104507406:104512043:clu_37917 2 4073 137 depression sqtl -0.0348252 -0.27713 0.21044 0.0012128 0 0.08598 0.775371
ENSG00000235597.1__chr2:104507406:104518059:clu_37917 2 4073 137 depression sqtl 0.0456236 -0.21732 0.30929 0.00208151 0 0.10007 0.719986
