locus chr n.snps n.pcs phen1 phen2 rho rho.lower rho.upper r2 r2.lower r2.upper p
ENSG00000062598.17__chr20:46386275:46389039:clu_24979 20 4399 117 depression sqtl -0.082214 -0.42018 0.2294 0.00675914 0 0.18214 0.592175
ENSG00000062598.17__chr20:46414773:46432894:clu_24980 20 4399 117 depression sqtl -0.14067 -0.4264 0.12404 0.019788 0 0.18184 0.280221
