locus chr n.snps n.pcs phen1 phen2 rho rho.lower rho.upper r2 r2.lower r2.upper p
ENSG00000049540.16__chr7:74066776:74068657:clu_25270 7 2020 129 depression sqtl -0.0670875 -0.30463 0.16838 0.00450074 0 0.09433 0.559485
ENSG00000049541.10__chr7:74249780:74252429:clu_25281 7 2030 129 depression sqtl 0.249459 0.00693 0.50941 0.06223 0.00087 0.2595 0.0470101
ENSG00000106077.18__chr7:73737110:73737562:clu_25257 7 2264 129 depression sqtl 0.103608 -0.16999 0.38445 0.0107346 0 0.14974 0.450488
ENSG00000106635.7__chr7:73552242:73557041:clu_25241 7 2324 129 depression sqtl 0.170611 -0.14267 0.48554 0.029108 0 0.23575 0.255783
ENSG00000106665.15__chr7:74364315:74372932:clu_25284 7 2029 129 depression sqtl 0.550808 0.32974 0.81274 0.303389 0.10873 0.66054 8.89191e-06
ENSG00000106683.14__chr7:74120638:74120892:clu_25273 7 2030 129 depression sqtl 0.11217 -0.13749 0.3697 0.0125821 0 0.13668 0.365335
ENSG00000106683.14__chr7:74121049:74121139:clu_25273 7 2030 129 depression sqtl -0.125954 -0.3776 0.12066 0.0158645 0 0.14292 0.305943
ENSG00000122687.17__chr7:2235564:2239418:clu_24413 7 5892 129 depression sqtl 0.146274 -0.09465 0.40076 0.0213961 0 0.1607 0.231134
ENSG00000146540.14__chr7:1010143:1010232:clu_24370 7 4762 129 depression sqtl -0.190939 -0.39591 0.01468 0.0364577 0 0.15675 0.0643432
ENSG00000146540.14__chr7:1127386:1138218:clu_24373 7 4762 129 depression sqtl -0.164743 -0.3905 0.05257 0.0271404 0 0.15249 0.141888
ENSG00000164828.17__chr7:872562:873215:clu_24359 7 4068 129 depression sqtl 0.183888 -0.08603 0.47284 0.0338149 0 0.22358 0.174377
ENSG00000164849.9__chr7:1055483:1056104:clu_24371 7 4825 129 depression sqtl -0.00896739 -0.22026 0.20229 8.0414e-05 0 0.05965 0.932113
ENSG00000164877.18__chr7:1437608:1437890:clu_24383 7 5264 129 depression sqtl 0.0380293 -0.21011 0.28219 0.00144622 0 0.08828 0.754834
ENSG00000164877.18__chr7:1437980:1438097:clu_24383 7 5264 129 depression sqtl -0.0537397 -0.32598 0.20849 0.00288796 0 0.10977 0.681406
ENSG00000164877.18__chr7:1448761:1450240:clu_24386 7 5264 129 depression sqtl 0.151105 -0.09765 0.41478 0.0228327 0 0.17219 0.234178
ENSG00000164877.18__chr7:1449829:1450240:clu_24386 7 5264 129 depression sqtl -0.170982 -0.43226 0.08242 0.0292347 0 0.18685 0.180601
ENSG00000165171.10__chr7:73841198:73842018:clu_25260 7 2053 129 depression sqtl 0.215119 -0.06365 0.51942 0.046276 0 0.2698 0.134286
ENSG00000178381.11__chr7:1155584:1157656:clu_24375 7 4737 129 depression sqtl -0.114488 -0.31816 0.08781 0.0131075 0 0.10122 0.261441
ENSG00000178381.11__chr7:1157750:1158158:clu_24375 7 4737 129 depression sqtl 0.126625 -0.06096 0.31409 0.0160338 0 0.09865 0.169323
ENSG00000230487.7__chr7:1575888:1583162:clu_24401 7 5560 129 depression sqtl -0.0407935 -0.32675 0.24996 0.00166411 0 0.11737 0.769833
ENSG00000230487.7__chr7:1583269:1584384:clu_24401 7 5560 129 depression sqtl -0.0413173 -0.30527 0.23447 0.00170712 0 0.10144 0.752886
ENSG00000239857.6__chr7:878327:886056:clu_24360 7 4299 129 depression sqtl -0.430805 -0.70708 -0.17878 0.185593 0.03196 0.49996 0.00124956
