locus chr n.snps n.pcs phen1 phen2 rho rho.lower rho.upper r2 r2.lower r2.upper p
ENSG00000198752.10__chr14:102981021:102983556:clu_17920 14 4449 135 depression sqtl 0.330186 0.06635 0.62502 0.109023 0.00489 0.39065 0.0149018
ENSG00000256053.7__chr14:103571820:103574107:clu_17930 14 4642 135 depression sqtl 0.163439 -0.11925 0.46581 0.0267122 0 0.2171 0.249318
