locus chr n.snps n.pcs phen1 phen2 rho rho.lower rho.upper r2 r2.lower r2.upper p
ENSG00000103429.10__chr16:14644609:14661892:clu_12390 16 2814 117 depression sqtl -0.181035 -0.42973 0.05801 0.0327737 0 0.18467 0.125141
ENSG00000186260.16__chr16:14252023:14252365:clu_12380 16 4057 117 depression sqtl 0.0222379 -0.25293 0.2967 0.000494523 0 0.10126 0.870521
ENSG00000186260.16__chr16:14252502:14258101:clu_12380 16 4057 117 depression sqtl 0.0158566 -0.25146 0.28532 0.000251431 0 0.09704 0.906907
