locus chr n.snps n.pcs phen1 phen2 rho rho.lower rho.upper r2 r2.lower r2.upper p
ENSG00000115392.11__chr2:58161638:58162866:clu_31580 2 4023 86 depression sqtl 0.10786 -0.17709 0.39133 0.0116339 0 0.15326 0.43837
ENSG00000153250.19__chr2:160281364:160282257:clu_32654 2 4383 86 depression sqtl 0.111196 -0.17938 0.41175 0.0123645 0 0.17058 0.43603
ENSG00000179915.22__chr2:50506617:50528625:clu_31506 2 4890 86 depression sqtl 0.0249675 -0.21614 0.27359 0.000623377 0 0.08341 0.835835
