locus chr n.snps n.pcs phen1 phen2 rho rho.lower rho.upper r2 r2.lower r2.upper p
ENSG00000138674.16__chr4:82844509:82848804:clu_31675 4 4541 129 depression sqtl 0.0403963 -0.23431 0.31908 0.00163187 0 0.11084 0.760289
ENSG00000138674.16__chr4:82895774:82897989:clu_31678 4 4541 129 depression sqtl 0.157372 -0.09752 0.43263 0.0247658 0 0.18717 0.217607
ENSG00000163312.10__chr4:83418206:83421563:clu_31692 4 4291 129 depression sqtl 0.307072 0.02574 0.61482 0.0942934 0.00197 0.378 0.0348094
