locus chr n.snps n.pcs phen1 phen2 rho rho.lower rho.upper r2 r2.lower r2.upper p
ENSG00000119522.16__chr9:123652123:123667026:clu_40576 9 3444 112 depression sqtl 0.035158 -0.20652 0.27932 0.00123609 0 0.08487 0.763845
ENSG00000136918.7__chr9:124855958:124856240:clu_40596 9 3175 112 depression sqtl -0.0981002 -0.36239 0.16676 0.00962365 0 0.13307 0.447972
ENSG00000136918.7__chr9:124856320:124856469:clu_40596 9 3175 112 depression sqtl -0.0219961 -0.27698 0.23764 0.000483826 0 0.0885 0.861891
