locus chr n.snps n.pcs phen1 phen2 rho rho.lower rho.upper r2 r2.lower r2.upper p
ENSG00000071462.11__chr7:73683673:73683767:clu_20893 7 2290 89 depression sqtl -0.191417 -0.47112 0.08054 0.0366406 0 0.22196 0.159312
ENSG00000135272.10__chr7:114923127:114942275:clu_21488 7 3259 89 depression sqtl -0.111114 -0.35282 0.1239 0.0123464 0 0.12467 0.343754
