locus chr n.snps n.pcs phen1 phen2 rho rho.lower rho.upper r2 r2.lower r2.upper p
ENSG00000136153.19__chr13:75727098:75760932:clu_1858 13 5017 117 depression sqtl -0.315488 -0.63085 -0.02832 0.0995325 0.00228 0.39797 0.0331463
ENSG00000136153.19__chr13:75853388:75856506:clu_1863 13 5017 117 depression sqtl 0.096896 -0.14021 0.35147 0.00938884 0 0.12387 0.421728
ENSG00000188243.12__chr13:75537675:75537764:clu_1850 13 5045 117 depression sqtl 0.33483 0.09649 0.60223 0.112111 0.00958 0.36268 0.00762426
