locus chr n.snps n.pcs phen1 phen2 rho rho.lower rho.upper r2 r2.lower r2.upper p
ENSG00000065621.14__chr10:104279471:104297578:clu_7891 10 3957 86 depression sqtl -0.00408437 -0.21068 0.20841 1.66821e-05 0 0.05713 0.968848
ENSG00000107957.16__chr10:103661114:103668608:clu_7870 10 3652 86 depression sqtl 0.170975 -0.07012 0.40949 0.0292324 0 0.16769 0.152392
