locus chr n.snps n.pcs phen1 phen2 rho rho.lower rho.upper r2 r2.lower r2.upper p
ENSG00000100395.14__chr22:41219536:41220734:clu_22163 22 2990 129 depression sqtl 0.219142 -0.03634 0.48725 0.0480232 0 0.23741 0.10037
ENSG00000185838.13__chr22:19812447:19820598:clu_21425 22 4642 129 depression sqtl -0.460249 -0.78263 -0.18879 0.211829 0.03564 0.6125 0.00120817
ENSG00000196236.12__chr22:40857245:40861618:clu_22149 22 2728 129 depression sqtl 0.0294937 -0.21845 0.28495 0.000869877 0 0.08867 0.810915
ENSG00000196236.12__chr22:40860793:40861618:clu_22149 22 2728 129 depression sqtl 0.130273 -0.09922 0.37089 0.016971 0 0.13756 0.255124
ENSG00000196588.14__chr22:40417493:40418374:clu_22142 22 2617 129 depression sqtl 0.175323 -0.0699 0.4228 0.0307381 0 0.17876 0.147445
ENSG00000215012.8__chr22:19812447:19820598:clu_21425 22 4638 129 depression sqtl -0.460209 -0.78995 -0.19176 0.211793 0.03677 0.62402 0.00137556
