locus chr n.snps n.pcs phen1 phen2 rho rho.lower rho.upper r2 r2.lower r2.upper p
ENSG00000141552.17__chr17:81894586:81899920:clu_10714 17 4926 86 depression sqtl 0.0177139 -0.25977 0.29613 0.000313781 0 0.1065 0.895567
ENSG00000169689.14__chr17:82019381:82019641:clu_10745 17 4848 86 depression sqtl -0.095259 -0.37396 0.17559 0.00907428 0 0.14137 0.472334
ENSG00000169689.14__chr17:82019694:82019858:clu_10745 17 4848 86 depression sqtl 0.030869 -0.2746 0.34182 0.000952897 0 0.13471 0.834836
ENSG00000169727.12__chr17:82054049:82054498:clu_10758 17 4896 86 depression sqtl -0.362942 -0.70557 -0.06253 0.131727 0.00471 0.49784 0.018625
ENSG00000169727.12__chr17:82054049:82054510:clu_10758 17 4896 86 depression sqtl 0.355735 0.07843 0.6867 0.126547 0.00662 0.47156 0.0161811
ENSG00000182446.13__chr17:81608822:81610210:clu_10691 17 5052 86 depression sqtl 0.131633 -0.12862 0.40775 0.0173273 0 0.16682 0.320067
ENSG00000183010.16__chr17:81934489:81934653:clu_10734 17 4891 86 depression sqtl 0.0954415 -0.21776 0.4148 0.00910907 0 0.17412 0.52631
ENSG00000185624.14__chr17:81847072:81847243:clu_10720 17 4921 86 depression sqtl 0.0781275 -0.21041 0.37148 0.00610391 0 0.13987 0.580482
ENSG00000185624.14__chr17:81859387:81860327:clu_10719 17 4921 86 depression sqtl 0.10192 -0.17779 0.38392 0.0103877 0 0.14836 0.458377
ENSG00000185624.14__chr17:81859387:81860347:clu_10719 17 4921 86 depression sqtl -0.0797625 -0.37423 0.21274 0.00636206 0 0.1442 0.570725
ENSG00000214087.8__chr17:81682149:81683536:clu_10695 17 5045 86 depression sqtl -0.373962 -0.68414 -0.10349 0.139848 0.01088 0.46804 0.00730409
ENSG00000214087.8__chr17:81682675:81683013:clu_10695 17 5045 86 depression sqtl 0.149661 -0.17426 0.49283 0.0223983 0 0.24488 0.351333
ENSG00000225663.7__chr17:81824390:81824499:clu_10717 17 4928 86 depression sqtl 0.118488 -0.18232 0.43697 0.0140395 0 0.19165 0.429467
ENSG00000225663.7__chr17:81824405:81824499:clu_10717 17 4928 86 depression sqtl -0.132161 -0.44612 0.17977 0.0174666 0 0.19931 0.37992
