locus chr n.snps n.pcs phen1 phen2 rho rho.lower rho.upper r2 r2.lower r2.upper p
ENSG00000254377.5__chr8:64373551:64378059:clu_47334 8 3414 137 depression sqtl 0.0242666 -0.21351 0.25717 0.000588868 0 0.07436 0.834981
ENSG00000254377.5__chr8:64377528:64378059:clu_47334 8 3414 137 depression sqtl -0.109444 -0.30663 0.08675 0.011978 0 0.09402 0.267102
