locus chr n.snps n.pcs phen1 phen2 rho rho.lower rho.upper r2 r2.lower r2.upper p
ENSG00000141552.17__chr17:81891833:81894467:clu_10060 17 4925 89 depression sqtl 0.325101 0.06238 0.62238 0.105691 0.00453 0.38736 0.0153277
ENSG00000185813.10__chr17:81907598:81907773:clu_10063 17 4910 89 depression sqtl -0.209307 -0.5513 0.09924 0.0438094 0 0.30394 0.177904
