locus chr n.snps n.pcs phen1 phen2 rho rho.lower rho.upper r2 r2.lower r2.upper p
ENSG00000065621.14__chr10:104278116:104279370:clu_8995 10 3954 129 depression sqtl -0.262869 -0.47581 -0.05609 0.0691001 0.00331 0.22639 0.0122454
ENSG00000148814.17__chr10:132333734:132337565:clu_9319 10 5876 129 depression sqtl 0.0627389 -0.232 0.3624 0.00393617 0 0.13651 0.661114
ENSG00000148814.17__chr10:132348356:132348963:clu_9322 10 5876 129 depression sqtl 0.00416351 -0.25015 0.25209 1.73349e-05 0 0.08359 0.972208
ENSG00000148834.12__chr10:104259798:104266084:clu_8993 10 3972 129 depression sqtl 0.0121684 -0.20238 0.23341 0.00014807 0 0.06399 0.910136
ENSG00000228261.1__chr10:104323570:104323938:clu_8997 10 3991 129 depression sqtl -0.0181579 -0.24769 0.21254 0.00032971 0 0.07159 0.876041
