locus chr n.snps n.pcs phen1 phen2 rho rho.lower rho.upper r2 r2.lower r2.upper p
ENSG00000119408.16__chr9:124258085:124301936:clu_45791 9 3553 137 depression sqtl -0.132297 -0.41355 0.14115 0.0175025 0 0.17158 0.328702
ENSG00000136935.13__chr9:124926741:124928188:clu_45804 9 3025 137 depression sqtl -0.0467087 -0.27801 0.17442 0.0021817 0 0.07909 0.679434
