locus chr n.snps n.pcs phen1 phen2 rho rho.lower rho.upper r2 r2.lower r2.upper p
ENSG00000119522.16__chr9:123387858:123403402:clu_36486 9 3439 89 depression sqtl 0.0264209 -0.25307 0.30024 0.000698065 0 0.10378 0.844148
ENSG00000148219.16__chr9:116975345:116976114:clu_36399 9 4919 89 depression sqtl 0.197541 -0.06592 0.47041 0.0390224 0 0.22128 0.137473
