locus chr n.snps n.pcs phen1 phen2 rho rho.lower rho.upper r2 r2.lower r2.upper p
ENSG00000146540.14__chr7:1010143:1028258:clu_21720 7 4785 101 depression sqtl 0.198119 0.00725 0.40002 0.0392512 0.00049 0.16002 0.0460789
ENSG00000146540.14__chr7:1152344:1153073:clu_21723 7 4785 101 depression sqtl -0.01905 -0.25927 0.2144 0.000362901 0 0.07719 0.872274
ENSG00000178381.11__chr7:1152344:1153073:clu_21723 7 4760 101 depression sqtl -0.0134282 -0.27222 0.23894 0.000180315 0 0.08766 0.915008
ENSG00000274070.1__chr7:75024534:75024634:clu_22549 7 2338 101 depression sqtl 0.0568809 -0.21464 0.34514 0.00323544 0 0.12501 0.677525
ENSG00000274523.4__chr7:75056074:75057529:clu_22550 7 2420 101 depression sqtl -0.110406 -0.38451 0.13834 0.0121894 0 0.14816 0.389804
