locus chr n.snps n.pcs phen1 phen2 rho rho.lower rho.upper r2 r2.lower r2.upper p
ENSG00000070010.18__chr22:19471808:19479083:clu_18829 22 3815 86 depression sqtl 0.302209 0.03833 0.58866 0.0913303 0.00223 0.34652 0.0250052
ENSG00000070371.15__chr22:19180806:19183390:clu_18815 22 3536 86 depression sqtl -0.193439 -0.49558 0.09775 0.0374188 0 0.2456 0.187022
ENSG00000100056.11__chr22:19139729:19142538:clu_18810 22 3280 86 depression sqtl 0.233571 -0.02692 0.51488 0.0545554 0 0.2651 0.0829591
ENSG00000100387.8__chr22:40955446:40964047:clu_19463 22 2809 86 depression sqtl -0.036746 -0.29122 0.20714 0.00135027 0 0.08837 0.765135
ENSG00000196236.12__chr22:40857245:40860678:clu_19460 22 2723 86 depression sqtl -0.0329462 -0.31675 0.24714 0.00108545 0 0.11273 0.810884
ENSG00000241973.10__chr22:20753180:20761353:clu_18897 22 3575 86 depression sqtl 0.0175125 -0.29942 0.34026 0.000306687 0 0.14011 0.910728
