locus chr n.snps n.pcs phen1 phen2 rho rho.lower rho.upper r2 r2.lower r2.upper p
ENSG00000006704.10__chr7:74555494:74557639:clu_24114 7 1929 117 depression sqtl -0.0844345 -0.37111 0.20062 0.00712918 0 0.14054 0.555498
ENSG00000009950.15__chr7:73596789:73596865:clu_24073 7 2297 117 depression sqtl -0.0831496 -0.33934 0.17274 0.00691386 0 0.11595 0.508412
ENSG00000049541.10__chr7:74243246:74249012:clu_24105 7 2030 117 depression sqtl 0.187139 -0.07172 0.45952 0.0350212 0 0.21137 0.150575
ENSG00000049541.10__chr7:74243246:74249739:clu_24105 7 2030 117 depression sqtl -0.358004 -0.58598 -0.14963 0.128167 0.02239 0.34337 0.00115454
ENSG00000049541.10__chr7:74246763:74249739:clu_24105 7 2030 117 depression sqtl -0.267368 -0.54541 -0.00307 0.0714859 0.00107 0.29747 0.0454662
ENSG00000071462.11__chr7:73694050:73697605:clu_24082 7 2291 117 depression sqtl 0.201695 -0.06457 0.48817 0.040681 0 0.23831 0.140285
ENSG00000106077.18__chr7:73736691:73737562:clu_24085 7 2264 117 depression sqtl -0.0688056 -0.3055 0.16518 0.00473421 0 0.09543 0.549746
ENSG00000106077.18__chr7:73737391:73737562:clu_24085 7 2264 117 depression sqtl -0.0254519 -0.27342 0.23373 0.000647798 0 0.08603 0.837932
ENSG00000106635.7__chr7:73538013:73539882:clu_24065 7 2324 117 depression sqtl -0.262048 -0.53128 -0.0135 0.068669 0.00109 0.28225 0.0419235
ENSG00000106635.7__chr7:73543644:73552167:clu_24065 7 2324 117 depression sqtl 0.00645482 -0.27644 0.28878 4.16647e-05 0 0.10636 0.962359
ENSG00000146540.14__chr7:1010143:1010232:clu_23239 7 4705 117 depression sqtl -0.222711 -0.41391 -0.0396 0.0496002 0.0019 0.17132 0.0183173
ENSG00000146540.14__chr7:1010143:1028258:clu_23239 7 4705 117 depression sqtl 0.0825884 -0.10018 0.27133 0.00682084 0 0.07399 0.380577
ENSG00000146540.14__chr7:1127386:1138218:clu_23242 7 4705 117 depression sqtl 0.102957 -0.13725 0.34517 0.0106002 0 0.11937 0.393573
ENSG00000164877.18__chr7:1438991:1439925:clu_23252 7 5227 117 depression sqtl -0.0624442 -0.34325 0.21656 0.00389928 0 0.11983 0.650309
ENSG00000178381.11__chr7:1153241:1155453:clu_23243 7 4693 117 depression sqtl -0.0936645 -0.29658 0.1124 0.00877304 0 0.08806 0.362996
ENSG00000178381.11__chr7:1155584:1157656:clu_23244 7 4693 117 depression sqtl -0.131029 -0.3483 0.08739 0.0171686 0 0.12131 0.229103
ENSG00000178381.11__chr7:1157750:1158158:clu_23244 7 4693 117 depression sqtl 0.0629499 -0.14316 0.26364 0.00396269 0 0.0708 0.541178
ENSG00000274523.4__chr7:75052796:75055901:clu_24129 7 2424 117 depression sqtl -0.0222074 -0.26735 0.22082 0.000493167 0 0.08179 0.853521
