locus chr n.snps n.pcs phen1 phen2 rho rho.lower rho.upper r2 r2.lower r2.upper p
ENSG00000141552.17__chr17:81891833:81893552:clu_10917 17 4928 114 depression sqtl -0.307196 -0.65463 -0.00362 0.0943694 0.00111 0.42854 0.0476818
ENSG00000169689.14__chr17:82019381:82019641:clu_10946 17 4851 114 depression sqtl -0.00591282 -0.30747 0.31086 3.49615e-05 0 0.12665 0.968058
ENSG00000169718.17__chr17:82063518:82064126:clu_10971 17 4894 114 depression sqtl -0.366274 -0.67353 -0.08208 0.134156 0.00721 0.45364 0.0116865
ENSG00000169727.12__chr17:82051964:82053274:clu_10958 17 4898 114 depression sqtl -0.0907812 -0.40841 0.21186 0.00824123 0 0.16873 0.545348
ENSG00000169738.7__chr17:82037547:82037631:clu_10953 17 4880 114 depression sqtl -0.279858 -0.61468 0.01481 0.0783204 0 0.37783 0.0700821
