locus chr n.snps n.pcs phen1 phen2 rho rho.lower rho.upper r2 r2.lower r2.upper p
ENSG00000076513.16__chr12:110028642:110029478:clu_4298 12 3578 117 depression sqtl 0.101806 -0.15631 0.36616 0.0103645 0 0.13656 0.42621
ENSG00000089041.16__chr12:121160974:121162271:clu_4616 12 4537 117 depression sqtl -0.15802 -0.45926 0.11728 0.0249703 0 0.21098 0.253053
ENSG00000089159.16__chr12:120215661:120221623:clu_4576 12 4670 117 depression sqtl -0.328281 -0.64107 -0.04525 0.107769 0.003 0.41097 0.0271584
ENSG00000111786.8__chr12:120464122:120464733:clu_4586 12 4584 117 depression sqtl -0.26148 -0.51315 -0.02542 0.0683718 0.00142 0.26332 0.0302339
ENSG00000111786.8__chr12:120464822:120465627:clu_4586 12 4584 117 depression sqtl -0.0323079 -0.27771 0.20788 0.0010438 0 0.0834 0.792728
ENSG00000122966.15__chr12:119712695:119713203:clu_4535 12 4453 117 depression sqtl -0.0197881 -0.32578 0.2868 0.000391567 0 0.12761 0.894278
ENSG00000122970.15__chr12:110191048:110192617:clu_4308 12 3441 117 depression sqtl -0.149925 -0.47869 0.1554 0.0224775 0 0.22914 0.328708
ENSG00000139436.20__chr12:109939247:109942842:clu_4290 12 3581 117 depression sqtl 0.127545 -0.17175 0.44835 0.0162679 0 0.20123 0.40031
ENSG00000139436.20__chr12:109989802:109991627:clu_4293 12 3581 117 depression sqtl -0.088837 -0.3696 0.18014 0.00789201 0 0.13836 0.503146
ENSG00000157782.9__chr12:120659813:120660196:clu_4598 12 4442 117 depression sqtl 0.126059 -0.15888 0.41555 0.0158908 0 0.17295 0.369989
ENSG00000167272.10__chr12:120579923:120580996:clu_4597 12 4472 117 depression sqtl 0.230832 0.01369 0.46359 0.0532833 0.00079 0.21492 0.0372908
