locus chr n.snps n.pcs phen1 phen2 rho rho.lower rho.upper r2 r2.lower r2.upper p
ENSG00000124251.10__chr20:45377613:45381179:clu_20481 20 4051 86 depression sqtl 0.0618471 -0.22837 0.35415 0.00382506 0 0.13328 0.661172
ENSG00000204070.9__chr20:45365686:45408460:clu_20479 20 4106 86 depression sqtl 0.150615 -0.17499 0.48848 0.022685 0 0.2396 0.333325
