locus chr n.snps n.pcs phen1 phen2 rho rho.lower rho.upper r2 r2.lower r2.upper p
ENSG00000036549.12__chr1:77584655:77631850:clu_45019 1 4171 141 depression sqtl 0.0873146 -0.17628 0.35811 0.00762384 0 0.13004 0.499052
ENSG00000077254.14__chr1:77697931:77699395:clu_45022 1 4225 141 depression sqtl 0.00302096 -0.25505 0.25104 9.12618e-06 0 0.08562 0.980481
ENSG00000077254.14__chr1:77721901:77722024:clu_45024 1 4225 141 depression sqtl -0.0729877 -0.38214 0.22378 0.00532721 0 0.15168 0.620116
ENSG00000077254.14__chr1:77721925:77722024:clu_45024 1 4225 141 depression sqtl 0.0629748 -0.24113 0.38098 0.00396582 0 0.15014 0.666107
ENSG00000077254.14__chr1:77730731:77734347:clu_45028 1 4225 141 depression sqtl -0.355323 -0.66217 -0.08633 0.126254 0.00772 0.43846 0.0113168
ENSG00000116783.14__chr1:74541610:74543906:clu_44992 1 3698 141 depression sqtl 0.120029 -0.09708 0.34242 0.0144069 0 0.11771 0.281137
ENSG00000117569.18__chr1:96785254:96804785:clu_45258 1 4273 141 depression sqtl 0.314883 0.0653 0.58076 0.0991512 0.00461 0.33728 0.0150136
ENSG00000134744.13__chr1:52477882:52481804:clu_44690 1 3439 141 depression sqtl 0.242641 0.02603 0.46329 0.0588749 0.00154 0.21464 0.0294306
ENSG00000142864.14__chr1:67415339:67424200:clu_44946 1 4880 141 depression sqtl 0.00306105 -0.31919 0.32604 9.37004e-06 0 0.14067 0.984296
ENSG00000143207.19__chr1:176149074:176184633:clu_46753 1 3971 141 depression sqtl 0.0141213 -0.30382 0.33508 0.00019941 0 0.13756 0.927628
ENSG00000151414.14__chr1:198264235:198277961:clu_46958 1 3676 141 depression sqtl -0.108337 -0.39206 0.16275 0.011737 0 0.15405 0.423387
ENSG00000151414.14__chr1:198297240:198319412:clu_46958 1 3676 141 depression sqtl 0.317657 0.04438 0.62115 0.100906 0.00299 0.38583 0.0276343
ENSG00000154222.14__chr1:52359836:52360074:clu_44675 1 3522 141 depression sqtl 0.063533 -0.18699 0.3189 0.00403644 0 0.10402 0.609176
ENSG00000163879.10__chr1:37557748:37559327:clu_44207 1 4101 141 depression sqtl 0.00396743 -0.21713 0.22319 1.57405e-05 0 0.06233 0.971085
ENSG00000180488.14__chr1:77779736:77783243:clu_45031 1 4238 141 depression sqtl 0.154528 -0.14995 0.47914 0.0238789 0 0.23082 0.312626
ENSG00000185104.19__chr1:50441523:50475464:clu_44630 1 2699 141 depression sqtl 0.0868172 -0.18138 0.35148 0.00753722 0 0.12535 0.511676
ENSG00000185104.19__chr1:50582699:50583652:clu_44632 1 2699 141 depression sqtl -0.0883848 -0.30203 0.11719 0.00781187 0 0.09148 0.401352
ENSG00000204084.12__chr1:37942264:37943640:clu_44229 1 4337 141 depression sqtl -0.141331 -0.4132 0.12774 0.0199745 0 0.17079 0.293661
