locus chr n.snps n.pcs phen1 phen2 rho rho.lower rho.upper r2 r2.lower r2.upper p
ENSG00000081189.15__chr5:88729347:88731729:clu_30376 5 2713 135 depression sqtl 0.118728 -0.20398 0.45107 0.0140964 0 0.20556 0.444876
ENSG00000081189.15__chr5:88752043:88761185:clu_30377 5 2713 135 depression sqtl 0.233888 -0.04158 0.53354 0.0547038 0 0.28467 0.0891277
ENSG00000113649.11__chr5:146507778:146507873:clu_31023 5 4147 135 depression sqtl 0.193206 -0.11393 0.53408 0.0373286 0 0.28524 0.212607
ENSG00000156475.18__chr5:147035240:147040717:clu_31026 5 4207 135 depression sqtl 0.287606 0.0473 0.54425 0.0827171 0.00282 0.29621 0.0216956
