locus chr n.snps n.pcs phen1 phen2 rho rho.lower rho.upper r2 r2.lower r2.upper p
ENSG00000136153.19__chr13:75836457:75838140:clu_2012 13 5014 117 depression sqtl -0.145928 -0.42696 0.11848 0.021295 0 0.18259 0.272106
ENSG00000139793.18__chr13:97343216:97346804:clu_2097 13 3887 117 depression sqtl 0.30554 0.01133 0.65006 0.0933545 0.00141 0.42257 0.0468346
ENSG00000188243.12__chr13:75526639:75527813:clu_2001 13 5043 117 depression sqtl -0.325686 -0.599 -0.08123 0.106072 0.0075 0.3588 0.0105721
ENSG00000188243.12__chr13:75527851:75530114:clu_2001 13 5043 117 depression sqtl 0.0933634 -0.20743 0.39347 0.00871672 0 0.15663 0.527902
ENSG00000188243.12__chr13:75530266:75537664:clu_2002 13 5043 117 depression sqtl 0.143528 -0.13646 0.43936 0.0206003 0 0.19304 0.303779
ENSG00000188243.12__chr13:75537675:75537764:clu_2002 13 5043 117 depression sqtl 0.0455471 -0.19259 0.28694 0.00207454 0 0.08522 0.69498
