locus chr n.snps n.pcs phen1 phen2 rho rho.lower rho.upper r2 r2.lower r2.upper p
ENSG00000139793.18__chr13:97357635:97391322:clu_1772 13 3888 86 depression sqtl -0.375722 -0.68214 -0.09337 0.141167 0.00922 0.46532 0.00944215
ENSG00000188243.12__chr13:75530266:75537664:clu_1691 13 5036 86 depression sqtl -0.0402685 -0.32577 0.24064 0.00162155 0 0.11661 0.774431
