locus chr n.snps n.pcs phen1 phen2 rho rho.lower rho.upper r2 r2.lower r2.upper p
ENSG00000076513.16__chr12:109999784:110012005:clu_4504 12 3580 141 depression sqtl -0.453296 -0.75921 -0.18837 0.205478 0.03548 0.5764 0.00102103
ENSG00000076513.16__chr12:110027766:110028512:clu_4508 12 3580 141 depression sqtl 0.120013 -0.14214 0.39089 0.014403 0 0.15359 0.354326
ENSG00000110958.15__chr12:56670364:56671749:clu_3683 12 2495 141 depression sqtl 0.0352628 -0.21377 0.29281 0.00124347 0 0.09328 0.775852
ENSG00000122970.15__chr12:110147048:110161162:clu_4514 12 3443 141 depression sqtl 0.244728 -0.0457 0.56693 0.059892 0 0.3214 0.102519
ENSG00000139436.20__chr12:109933190:109938380:clu_4496 12 3583 141 depression sqtl -0.310998 -0.61979 -0.04781 0.0967196 0.00317 0.38414 0.0265776
ENSG00000139437.17__chr12:109904793:109907526:clu_4487 12 3700 141 depression sqtl -0.628444 -0.97799 -0.35706 0.394942 0.1275 0.95646 3.1971e-05
ENSG00000139767.8__chr12:119130834:119145381:clu_4738 12 4732 141 depression sqtl -0.228798 -0.58247 0.08723 0.0523485 0 0.33927 0.143361
ENSG00000139767.8__chr12:119144554:119145381:clu_4738 12 4732 141 depression sqtl 0.355125 0.06868 0.69655 0.126114 0.00522 0.48518 0.0164878
ENSG00000167272.10__chr12:120579597:120580996:clu_4815 12 4473 141 depression sqtl -0.0208665 -0.23815 0.19092 0.000435412 0 0.06159 0.845933
ENSG00000168778.11__chr12:123692723:123694842:clu_5013 12 4377 141 depression sqtl 0.186021 -0.06854 0.46248 0.0346038 0 0.21411 0.14461
ENSG00000168778.11__chr12:123695297:123696415:clu_5013 12 4377 141 depression sqtl -0.335675 -0.65198 -0.06365 0.112678 0.00461 0.42508 0.0179832
ENSG00000168778.11__chr12:123699810:123700037:clu_5014 12 4377 141 depression sqtl -0.160973 -0.40904 0.07116 0.0259123 0 0.16834 0.173773
ENSG00000185046.18__chr12:98782137:98798934:clu_4258 12 3996 141 depression sqtl 0.171031 -0.10817 0.46899 0.0292515 0 0.21995 0.21767
ENSG00000196498.13__chr12:124402561:124419957:clu_5051 12 5220 141 depression sqtl -0.296199 -0.6491 0.01141 0.0877339 0 0.42133 0.0560255
