locus chr n.snps n.pcs phen1 phen2 rho rho.lower rho.upper r2 r2.lower r2.upper p
ENSG00000058600.15__chr16:22328587:22332060:clu_13645 16 2205 137 depression sqtl -0.0861003 -0.40059 0.22705 0.00741326 0 0.16392 0.568417
ENSG00000140694.16__chr16:14447081:14482638:clu_13422 16 2815 137 depression sqtl -0.0318507 -0.32286 0.25231 0.00101447 0 0.11569 0.820058
