locus chr n.snps n.pcs phen1 phen2 rho rho.lower rho.upper r2 r2.lower r2.upper p
ENSG00000138674.16__chr4:82829058:82844386:clu_35261 4 4553 141 depression sqtl -0.0111538 -0.25407 0.22877 0.000124407 0 0.07799 0.922585
ENSG00000138756.17__chr4:78845049:78847188:clu_35231 4 4255 141 depression sqtl 0.0230465 -0.25784 0.30816 0.000531142 0 0.11065 0.868431
ENSG00000173085.13__chr4:83272172:83273496:clu_35280 4 4391 141 depression sqtl -0.18569 -0.5015 0.09714 0.0344809 0 0.2515 0.20703
