locus chr n.snps n.pcs phen1 phen2 rho rho.lower rho.upper r2 r2.lower r2.upper p
ENSG00000009950.15__chr7:73596479:73596865:clu_26013 7 2299 137 depression sqtl 0.120354 -0.1647 0.41359 0.0144852 0 0.17143 0.388501
ENSG00000009950.15__chr7:73599695:73605688:clu_26014 7 2299 137 depression sqtl -0.12791 -0.38608 0.12156 0.0163608 0 0.14915 0.301936
ENSG00000009950.15__chr7:73606111:73616071:clu_26014 7 2299 137 depression sqtl 0.0255258 -0.26932 0.32486 0.000651567 0 0.12082 0.861233
ENSG00000049540.16__chr7:74043168:74043879:clu_26033 7 2022 137 depression sqtl -0.0430903 -0.33406 0.25092 0.00185677 0 0.12078 0.762633
ENSG00000106077.18__chr7:73736691:73737562:clu_26025 7 2266 137 depression sqtl 0.0551636 -0.17471 0.27863 0.00304302 0 0.08255 0.619205
ENSG00000106077.18__chr7:73737110:73737562:clu_26025 7 2266 137 depression sqtl 0.0208429 -0.23655 0.28335 0.000434427 0 0.09339 0.869111
ENSG00000106635.7__chr7:73540052:73543548:clu_26005 7 2326 137 depression sqtl 0.179003 -0.08884 0.46486 0.032042 0 0.21609 0.180813
ENSG00000106635.7__chr7:73540052:73552167:clu_26005 7 2326 137 depression sqtl 0.192422 -0.06346 0.47915 0.0370261 0 0.22959 0.149876
ENSG00000106665.15__chr7:74400555:74401505:clu_26053 7 2031 137 depression sqtl -0.0319668 -0.28151 0.21551 0.00102188 0 0.08774 0.793659
ENSG00000106665.15__chr7:74401567:74403837:clu_26053 7 2031 137 depression sqtl 0.0279966 -0.20718 0.26201 0.00078381 0 0.07683 0.808454
ENSG00000106682.14__chr7:74174442:74187611:clu_26044 7 2032 137 depression sqtl 0.00832449 -0.24238 0.25795 6.92972e-05 0 0.08307 0.945648
ENSG00000106682.14__chr7:74187798:74189673:clu_26044 7 2032 137 depression sqtl 8.31464e-05 -0.26504 0.25917 6.91332e-09 0 0.09323 0.999488
ENSG00000122687.17__chr7:2235564:2238015:clu_25189 7 5914 137 depression sqtl -0.217806 -0.51769 0.05629 0.0474396 0 0.268 0.116625
ENSG00000122687.17__chr7:2235564:2239418:clu_25189 7 5914 137 depression sqtl 0.144541 -0.08134 0.39095 0.0208921 0 0.15284 0.208328
ENSG00000146540.14__chr7:1157750:1158158:clu_25146 7 4782 137 depression sqtl 0.157157 -0.07393 0.39735 0.0246982 0 0.15789 0.188806
ENSG00000164828.17__chr7:849603:849923:clu_25130 7 4066 137 depression sqtl -0.152852 -0.46138 0.14115 0.0233639 0 0.21387 0.301362
ENSG00000164877.18__chr7:1438991:1439925:clu_25152 7 5284 137 depression sqtl 0.00727182 -0.23554 0.2545 5.28794e-05 0 0.08043 0.95199
ENSG00000165171.10__chr7:73841198:73842018:clu_26028 7 2055 137 depression sqtl -0.088069 -0.37472 0.19541 0.00775615 0 0.14198 0.523728
ENSG00000170419.10__chr7:54550170:54569131:clu_25837 7 6692 137 depression sqtl 0.154864 -0.13075 0.46017 0.023983 0 0.21197 0.27841
ENSG00000176428.5__chr7:73668096:73669419:clu_26018 7 2301 137 depression sqtl 0.0461283 -0.25966 0.35317 0.00212782 0 0.13611 0.758921
ENSG00000178381.11__chr7:1155584:1158158:clu_25146 7 4757 137 depression sqtl -0.0439512 -0.30352 0.21898 0.00193171 0 0.09813 0.729868
ENSG00000178381.11__chr7:1157750:1158158:clu_25146 7 4757 137 depression sqtl 0.135522 -0.06077 0.34093 0.0183662 0 0.11623 0.178692
ENSG00000229618.2__chr7:13721273:13728579:clu_25387 7 7301 137 depression sqtl -0.0554333 -0.30384 0.18959 0.00307285 0 0.09455 0.640517
ENSG00000263001.5__chr7:74674345:74689124:clu_26061 7 1968 137 depression sqtl 0.239617 -0.02639 0.51359 0.0574164 0 0.26378 0.0755278
ENSG00000263001.5__chr7:74711109:74714857:clu_26062 7 1968 137 depression sqtl 0.0612601 -0.194 0.31431 0.0037528 0 0.10209 0.62935
ENSG00000263001.5__chr7:74743520:74744139:clu_26064 7 1968 137 depression sqtl 0.133205 -0.12582 0.39674 0.0177435 0 0.15749 0.300855
