locus chr n.snps n.pcs phen1 phen2 rho rho.lower rho.upper r2 r2.lower r2.upper p
ENSG00000118939.17__chr13:75594990:75604769:clu_1982 13 5044 137 depression sqtl -0.186494 -0.49689 0.0952 0.0347802 0 0.24696 0.194304
ENSG00000136111.12__chr13:75362607:75366914:clu_1976 13 5077 137 depression sqtl 0.102724 -0.18267 0.39364 0.0105523 0 0.15571 0.46732
ENSG00000136111.12__chr13:75362607:75481270:clu_1976 13 5077 137 depression sqtl -0.0567243 -0.34925 0.24024 0.00321764 0 0.12995 0.694272
ENSG00000136153.19__chr13:75804541:75805479:clu_1987 13 5016 137 depression sqtl 0.32925 0.05159 0.64033 0.108406 0.00356 0.41002 0.0221723
ENSG00000136153.19__chr13:75834387:75835152:clu_1989 13 5016 137 depression sqtl -0.0425988 -0.29451 0.20036 0.00181465 0 0.0899 0.723521
ENSG00000136153.19__chr13:75834387:75835233:clu_1989 13 5016 137 depression sqtl 0.0347631 -0.20994 0.28437 0.00120847 0 0.08818 0.77284
ENSG00000136153.19__chr13:75842916:75845327:clu_1991 13 5016 137 depression sqtl -0.0834372 -0.33985 0.1657 0.00696177 0 0.11687 0.493013
ENSG00000136153.19__chr13:75845379:75849079:clu_1991 13 5016 137 depression sqtl 0.163396 -0.10279 0.4424 0.0266983 0 0.19582 0.215375
ENSG00000136153.19__chr13:75853388:75856506:clu_1992 13 5016 137 depression sqtl 0.141313 -0.10112 0.40481 0.0199694 0 0.16401 0.253137
ENSG00000188243.12__chr13:75526639:75527813:clu_1977 13 5044 137 depression sqtl -0.127955 -0.38503 0.1125 0.0163726 0 0.14855 0.283257
ENSG00000188243.12__chr13:75530266:75537664:clu_1978 13 5044 137 depression sqtl -0.00319579 -0.2456 0.24192 1.02131e-05 0 0.08236 0.978587
