locus chr n.snps n.pcs phen1 phen2 rho rho.lower rho.upper r2 r2.lower r2.upper p
ENSG00000049246.14__chr1:7786836:7787198:clu_40955 1 4124 117 depression sqtl -0.119896 -0.45575 0.20298 0.014375 0 0.20878 0.446294
ENSG00000049246.14__chr1:7787246:7788045:clu_40955 1 4124 117 depression sqtl 0.185459 -0.12223 0.5228 0.0343951 0 0.2734 0.235206
ENSG00000085832.16__chr1:51442899:51444889:clu_42388 1 2553 117 depression sqtl 0.390551 0.12238 0.70691 0.15253 0.01503 0.49972 0.00480935
ENSG00000116704.7__chr1:67004448:67009085:clu_42669 1 4622 117 depression sqtl -0.00202351 -0.32003 0.3081 4.0946e-06 0 0.13302 0.989483
ENSG00000118473.21__chr1:66671019:66671944:clu_42654 1 4706 117 depression sqtl 0.281035 -0.01368 0.60161 0.0789807 0 0.36193 0.0637875
ENSG00000134744.13__chr1:52435462:52436755:clu_42431 1 3437 117 depression sqtl -0.0448522 -0.30433 0.2112 0.00201172 0 0.09686 0.726434
ENSG00000134744.13__chr1:52435465:52436755:clu_42431 1 3437 117 depression sqtl 0.0639308 -0.18916 0.31668 0.00408715 0 0.10297 0.611884
ENSG00000136636.12__chr1:215595471:215601867:clu_44926 1 4199 117 depression sqtl 0.0461594 -0.23034 0.33295 0.00213069 0 0.12058 0.730458
ENSG00000142694.6__chr1:36322725:36322971:clu_41950 1 2947 117 depression sqtl 0.0589623 -0.19882 0.31543 0.00347655 0 0.10223 0.641225
ENSG00000142694.6__chr1:36323067:36323459:clu_41950 1 2947 117 depression sqtl -0.0161741 -0.31375 0.27429 0.0002616 0 0.11557 0.912222
ENSG00000154222.14__chr1:52354454:52354608:clu_42416 1 3522 117 depression sqtl 0.113727 -0.1056 0.34516 0.0129338 0 0.11953 0.305741
ENSG00000162373.12__chr1:48742771:48758900:clu_42370 1 2993 117 depression sqtl 0.21624 -0.02905 0.47348 0.0467595 0 0.22418 0.0873898
ENSG00000162374.16__chr1:50109964:50141772:clu_42372 1 2072 117 depression sqtl 0.0523145 -0.19513 0.29965 0.00273681 0 0.09375 0.66458
ENSG00000163875.15__chr1:37495918:37496707:clu_41967 1 4188 117 depression sqtl 0.14499 -0.06656 0.35876 0.021022 0 0.12871 0.180678
ENSG00000187801.14__chr1:40457071:40457344:clu_42067 1 4567 117 depression sqtl 0.0409011 -0.29373 0.37567 0.0016729 0 0.15875 0.79439
ENSG00000214193.10__chr1:36321778:36322367:clu_41949 1 2906 117 depression sqtl -0.126449 -0.42636 0.15822 0.0159892 0 0.18178 0.368512
