locus chr n.snps n.pcs phen1 phen2 rho rho.lower rho.upper r2 r2.lower r2.upper p
ENSG00000075413.17__chr14:103492034:103500156:clu_15371 14 4640 86 depression sqtl -0.0425251 -0.31639 0.23006 0.00180838 0 0.1073 0.752307
ENSG00000100711.13__chr14:103715979:103728908:clu_15385 14 4745 86 depression sqtl -0.129459 -0.42847 0.15407 0.0167595 0 0.18377 0.363389
ENSG00000126214.21__chr14:103571820:103574107:clu_15381 14 4639 86 depression sqtl -0.142346 -0.38645 0.09221 0.0202624 0 0.14934 0.235971
ENSG00000126214.21__chr14:103679518:103700655:clu_15383 14 4639 86 depression sqtl -0.399921 -0.69666 -0.12396 0.159937 0.0154 0.48534 0.00641448
ENSG00000203485.12__chr14:104716017:104718795:clu_15400 14 3793 86 depression sqtl -0.055135 -0.34654 0.23486 0.00303987 0 0.12853 0.695901
ENSG00000256053.7__chr14:103571820:103574107:clu_15381 14 4641 86 depression sqtl -0.141534 -0.38734 0.09205 0.0200318 0 0.15004 0.235287
