locus chr n.snps n.pcs phen1 phen2 rho rho.lower rho.upper r2 r2.lower r2.upper p
ENSG00000115233.11__chr2:161395203:161408837:clu_41384 2 3690 141 depression sqtl -0.165525 -0.47331 0.12871 0.0273984 0 0.22418 0.259855
ENSG00000138363.14__chr2:215349249:215362646:clu_42075 2 4676 141 depression sqtl 0.198838 -0.10468 0.51315 0.0395366 0 0.2636 0.187338
ENSG00000168702.17__chr2:140239532:140247086:clu_41200 2 5275 141 depression sqtl 0.0206333 -0.26372 0.31321 0.000425735 0 0.11385 0.88425
