locus chr n.snps n.pcs phen1 phen2 rho rho.lower rho.upper r2 r2.lower r2.upper p
ENSG00000058600.15__chr16:22316686:22316995:clu_14663 16 2205 141 depression sqtl 0.00276984 -0.29898 0.3086 7.67201e-06 0 0.12272 0.984891
ENSG00000102897.9__chr16:20920214:20924000:clu_14604 16 3242 141 depression sqtl 0.429826 0.16229 0.74146 0.18475 0.02634 0.54977 0.00250347
ENSG00000103429.10__chr16:14649973:14661892:clu_14391 16 2813 141 depression sqtl 0.38393 0.10708 0.69403 0.147403 0.0115 0.48168 0.00708102
ENSG00000188215.9__chr16:20862643:20900204:clu_14603 16 3301 141 depression sqtl -0.0410129 -0.35231 0.26151 0.00168206 0 0.13277 0.781828
ENSG00000196678.13__chr16:20799067:20799263:clu_14594 16 3243 141 depression sqtl -0.281742 -0.60861 0.00629 0.0793787 0 0.37041 0.0612406
