locus chr n.snps n.pcs phen1 phen2 rho rho.lower rho.upper r2 r2.lower r2.upper p
ENSG00000070371.15__chr22:19183611:19187558:clu_19069 22 3543 101 depression sqtl -0.143649 -0.49213 0.18499 0.0206351 0 0.24317 0.381989
ENSG00000070413.19__chr22:19068225:19122128:clu_19061 22 3286 101 depression sqtl -0.00542181 -0.26194 0.25485 2.9396e-05 0 0.08758 0.965825
ENSG00000100056.11__chr22:19138317:19139159:clu_19062 22 3286 101 depression sqtl 0.109113 -0.16877 0.38957 0.0119055 0 0.15185 0.421347
ENSG00000100075.9__chr22:19176494:19176578:clu_19065 22 3322 101 depression sqtl -0.0674998 -0.33873 0.20931 0.00455623 0 0.12022 0.613941
ENSG00000100084.14__chr22:19351446:19353356:clu_19072 22 3734 101 depression sqtl 0.177208 -0.12421 0.49563 0.0314026 0 0.24582 0.2398
ENSG00000100393.12__chr22:41141222:41146739:clu_19776 22 2906 101 depression sqtl 0.142099 -0.07299 0.36982 0.0201922 0 0.13677 0.199325
ENSG00000100395.14__chr22:41209933:41216139:clu_19779 22 2983 101 depression sqtl 0.125717 -0.1738 0.42581 0.0158048 0 0.18206 0.39605
ENSG00000100401.19__chr22:41281082:41284901:clu_19789 22 2981 101 depression sqtl -0.245896 -0.55134 0.04163 0.0604646 0 0.30398 0.0937391
ENSG00000184470.20__chr22:19878437:19880179:clu_19094 22 4816 101 depression sqtl -0.340295 -0.64879 -0.06981 0.1158 0.00527 0.42093 0.0157941
ENSG00000241973.10__chr22:20712797:20713302:clu_19155 22 3595 101 depression sqtl 0.0382276 -0.29472 0.36975 0.00146135 0 0.15419 0.806701
