locus chr n.snps n.pcs phen1 phen2 rho rho.lower rho.upper r2 r2.lower r2.upper p
ENSG00000121964.14__chr2:143970762:144141882:clu_35545 2 2890 117 depression sqtl 0.166791 -0.06469 0.40955 0.0278193 0 0.16773 0.166585
ENSG00000144290.16__chr2:161863062:161872296:clu_35682 2 3559 117 depression sqtl 0.144674 -0.14531 0.45615 0.0209305 0 0.20884 0.322977
ENSG00000144290.16__chr2:161974316:161976760:clu_35687 2 3559 117 depression sqtl -0.215597 -0.54495 0.08461 0.0464819 0 0.29698 0.153611
