locus chr n.snps n.pcs phen1 phen2 rho rho.lower rho.upper r2 r2.lower r2.upper p
ENSG00000009950.15__chr7:73596786:73596865:clu_22165 7 2289 86 depression sqtl -0.12502 -0.44017 0.18512 0.01563 0 0.19407 0.416273
ENSG00000049540.16__chr7:74065732:74068657:clu_22186 7 2012 86 depression sqtl 0.13076 -0.12645 0.39895 0.0170981 0 0.15916 0.304745
ENSG00000071462.11__chr7:73686900:73690916:clu_22170 7 2283 86 depression sqtl -0.0851076 -0.33743 0.15874 0.00724331 0 0.11572 0.48843
ENSG00000146540.14__chr7:1010143:1028258:clu_21378 7 4771 86 depression sqtl 0.227972 -0.0169 0.48404 0.0519712 0 0.23429 0.0649337
ENSG00000197157.10__chr7:127991056:128074502:clu_22856 7 4073 86 depression sqtl 0.0910922 -0.21259 0.40372 0.00829779 0 0.16516 0.543585
ENSG00000197157.10__chr7:128042464:128074502:clu_22856 7 4073 86 depression sqtl -0.0965681 -0.44617 0.22813 0.00932539 0 0.20295 0.54954
