locus chr n.snps n.pcs phen1 phen2 rho rho.lower rho.upper r2 r2.lower r2.upper p
ENSG00000067560.10__chr3:49360382:49362496:clu_35356 3 1995 117 depression sqtl 0.073152 -0.21671 0.3694 0.00535122 0 0.14304 0.611106
ENSG00000114316.12__chr3:49311654:49324702:clu_35353 3 2058 117 depression sqtl -0.109253 -0.42787 0.19633 0.0119362 0 0.18497 0.470393
ENSG00000138468.15__chr3:101328546:101328646:clu_35931 3 4100 117 depression sqtl -0.286375 -0.63496 0.01644 0.0820104 0 0.40415 0.0691061
ENSG00000138468.15__chr3:101328689:101330334:clu_35931 3 4100 117 depression sqtl 0.271046 -0.02607 0.60723 0.0734658 0 0.36873 0.0768243
ENSG00000164061.4__chr3:49665318:49667590:clu_35368 3 2041 117 depression sqtl 0.106651 -0.18609 0.42026 0.0113745 0 0.17837 0.470307
ENSG00000178035.11__chr3:49025269:49025995:clu_35316 3 2049 117 depression sqtl 0.118816 -0.14957 0.40219 0.0141173 0 0.16223 0.368993
