locus chr n.snps n.pcs phen1 phen2 rho rho.lower rho.upper r2 r2.lower r2.upper p
ENSG00000065621.14__chr10:104274949:104275226:clu_9234 10 3963 135 depression sqtl -0.114943 -0.36364 0.12857 0.0132119 0 0.13224 0.345387
ENSG00000148834.12__chr10:104257483:104259576:clu_9232 10 3981 135 depression sqtl -0.00626772 -0.23495 0.2302 3.92843e-05 0 0.07 0.956741
ENSG00000148834.12__chr10:104259798:104266084:clu_9233 10 3981 135 depression sqtl -0.0721573 -0.26664 0.11978 0.00520667 0 0.0718 0.455267
ENSG00000197748.12__chr10:104131484:104132116:clu_9219 10 3981 135 depression sqtl -0.253341 -0.45745 -0.0601 0.0641815 0.00379 0.20926 0.0106651
ENSG00000197748.12__chr10:104212157:104214259:clu_9227 10 3981 135 depression sqtl -0.106669 -0.34249 0.11779 0.0113783 0 0.11734 0.346642
ENSG00000228261.1__chr10:104323570:104323938:clu_9235 10 3999 135 depression sqtl 0.0301662 -0.23301 0.2973 0.000909999 0 0.09589 0.818893
