locus chr n.snps n.pcs phen1 phen2 rho rho.lower rho.upper r2 r2.lower r2.upper p
ENSG00000106635.7__chr7:73540052:73543548:clu_19631 7 2321 75 depression sqtl 0.131347 -0.15702 0.42993 0.017252 0 0.18489 0.365882
ENSG00000106638.15__chr7:73571341:73572844:clu_19633 7 2310 75 depression sqtl -0.110637 -0.40323 0.17473 0.0122405 0 0.16439 0.433983
