locus chr n.snps n.pcs phen1 phen2 rho rho.lower rho.upper r2 r2.lower r2.upper p
ENSG00000049246.14__chr1:7786836:7787198:clu_38387 1 4125 117 depression sqtl 0.218701 -0.0674 0.53395 0.0478301 0 0.2851 0.133597
ENSG00000054118.13__chr1:36293935:36294050:clu_39271 1 2782 117 depression sqtl 0.217694 -0.05304 0.50995 0.0473905 0 0.26008 0.111639
ENSG00000085832.16__chr1:51403532:51405905:clu_39751 1 2553 117 depression sqtl 0.361748 0.11162 0.65956 0.130862 0.01264 0.43502 0.00492538
ENSG00000085832.16__chr1:51481314:51519199:clu_39754 1 2553 117 depression sqtl 0.364295 0.05476 0.71527 0.132711 0.00421 0.51161 0.0217113
ENSG00000118473.21__chr1:66534368:66625847:clu_39962 1 4707 117 depression sqtl 0.033398 -0.25763 0.34099 0.00111543 0 0.12735 0.818454
ENSG00000119535.17__chr1:36471646:36472066:clu_39293 1 3240 117 depression sqtl 0.101235 -0.10325 0.30799 0.0102486 0 0.09486 0.322233
ENSG00000119535.17__chr1:36472139:36472238:clu_39293 1 3240 117 depression sqtl -0.11391 -0.34373 0.11083 0.0129755 0 0.11818 0.319973
ENSG00000132122.11__chr1:48385349:48395267:clu_39724 1 3399 117 depression sqtl -0.0994312 -0.39103 0.18586 0.00988655 0 0.15297 0.480912
ENSG00000134686.18__chr1:33375593:33392682:clu_39202 1 3885 117 depression sqtl 0.0360924 -0.26241 0.35098 0.00130266 0 0.13687 0.808099
ENSG00000142864.14__chr1:67424959:67425083:clu_39989 1 4876 117 depression sqtl -0.142813 -0.37462 0.08399 0.0203956 0 0.14034 0.200335
ENSG00000142864.14__chr1:67424977:67425083:clu_39989 1 4876 117 depression sqtl 0.169071 -0.06673 0.42165 0.0285849 0 0.17817 0.156506
ENSG00000143355.15__chr1:197927793:197931919:clu_41805 1 3643 117 depression sqtl 0.356776 0.06684 0.67213 0.127289 0.00519 0.45176 0.0156077
ENSG00000151414.14__chr1:198221110:198232553:clu_41806 1 3677 117 depression sqtl -0.0324786 -0.32526 0.26865 0.00105486 0 0.11852 0.821636
ENSG00000152763.16__chr1:66827046:66833585:clu_39973 1 4664 117 depression sqtl 0.120935 -0.15299 0.41395 0.0146253 0 0.17249 0.374373
ENSG00000154222.14__chr1:52354454:52354608:clu_39776 1 3522 117 depression sqtl 0.388213 0.14766 0.65508 0.15071 0.0218 0.42913 0.00227763
ENSG00000162373.12__chr1:48736452:48758900:clu_39729 1 2991 117 depression sqtl 0.145629 -0.1306 0.41791 0.0212077 0 0.17484 0.283299
ENSG00000162373.12__chr1:48759284:48761337:clu_39730 1 2991 117 depression sqtl 0.240969 -0.04812 0.53789 0.0580658 0 0.28932 0.0978996
ENSG00000162373.12__chr1:48761470:48776606:clu_39730 1 2991 117 depression sqtl 0.00958429 -0.26539 0.29032 9.18587e-05 0 0.10362 0.944163
ENSG00000162374.16__chr1:50145197:50177089:clu_39734 1 2072 117 depression sqtl 0.326485 0.02589 0.65205 0.106592 0.0021 0.42517 0.0328446
ENSG00000162374.16__chr1:50197467:50200809:clu_39735 1 2072 117 depression sqtl -0.106741 -0.38609 0.14915 0.0113937 0 0.1503 0.413491
ENSG00000162631.18__chr1:107430917:107436665:clu_40376 1 4773 117 depression sqtl -0.174574 -0.49799 0.13321 0.030476 0 0.24876 0.247522
ENSG00000163879.10__chr1:37561735:37562081:clu_39306 1 4099 117 depression sqtl 0.250297 0.05649 0.44882 0.0626486 0.00343 0.20144 0.0128636
ENSG00000182183.14__chr1:52643002:52656790:clu_39793 1 3501 117 depression sqtl 0.0414435 -0.22348 0.30945 0.00171756 0 0.10237 0.750668
ENSG00000184588.17__chr1:66355620:66361615:clu_39960 1 4641 117 depression sqtl -0.364162 -0.58281 -0.16434 0.132614 0.02701 0.33967 0.000525467
