locus chr n.snps n.pcs phen1 phen2 rho rho.lower rho.upper r2 r2.lower r2.upper p
ENSG00000011009.10__chr1:23794136:23794224:clu_35307 1 3646 114 depression sqtl -0.212604 -0.54042 0.08701 0.0452006 0 0.29205 0.165785
ENSG00000088280.18__chr1:23438834:23439161:clu_35292 1 3647 114 depression sqtl 0.19619 -0.13126 0.54593 0.0384905 0 0.29834 0.224028
ENSG00000116678.19__chr1:65622981:65630202:clu_36301 1 4342 114 depression sqtl 0.141224 -0.11507 0.4211 0.0199442 0 0.17733 0.271465
ENSG00000116678.19__chr1:65622981:65633152:clu_36301 1 4342 114 depression sqtl -0.113819 -0.40525 0.14798 0.0129548 0 0.16496 0.393709
ENSG00000116885.18__chr1:36418255:36418370:clu_35702 1 3199 114 depression sqtl -0.108585 -0.32001 0.09612 0.0117907 0 0.10283 0.304536
ENSG00000117020.16__chr1:243613034:243613671:clu_38598 1 3563 114 depression sqtl -0.218872 -0.50697 0.03515 0.0479051 0 0.25702 0.0863451
ENSG00000117859.18__chr1:51740211:51745536:clu_36117 1 2601 114 depression sqtl 0.0401515 -0.28131 0.36533 0.00161215 0 0.14874 0.79543
ENSG00000118473.21__chr1:66719405:66729264:clu_36313 1 4710 114 depression sqtl -0.0363477 -0.27425 0.2024 0.00132115 0 0.08213 0.7544
ENSG00000136636.12__chr1:215578081:215579000:clu_38233 1 4196 114 depression sqtl 0.203271 -0.06979 0.48896 0.041319 0 0.23908 0.122921
ENSG00000142676.12__chr1:23691829:23692609:clu_35298 1 3679 114 depression sqtl 0.0880388 -0.1624 0.35786 0.00775083 0 0.13014 0.476693
ENSG00000143499.13__chr1:214281427:214305187:clu_38228 1 4716 114 depression sqtl 0.111761 -0.13375 0.37606 0.0124905 0 0.14201 0.368265
ENSG00000143499.13__chr1:214305250:214314762:clu_38228 1 4716 114 depression sqtl -0.291429 -0.55043 -0.05911 0.0849309 0.00372 0.30298 0.0149091
ENSG00000154222.14__chr1:52353647:52354608:clu_36138 1 3522 114 depression sqtl 0.00196557 -0.25594 0.25939 3.86348e-06 0 0.08594 0.987462
ENSG00000154222.14__chr1:52354454:52354608:clu_36138 1 3522 114 depression sqtl 0.0360785 -0.21545 0.29025 0.00130166 0 0.09133 0.769887
ENSG00000163879.10__chr1:37557748:37561557:clu_35718 1 4103 114 depression sqtl 0.106924 -0.09828 0.31079 0.0114328 0 0.09659 0.297931
