locus chr n.snps n.pcs phen1 phen2 rho rho.lower rho.upper r2 r2.lower r2.upper p
ENSG00000179915.22__chr2:50053590:50054955:clu_29567 2 4882 89 depression sqtl 0.0845385 -0.14327 0.30999 0.00714676 0 0.09652 0.452659
ENSG00000179915.22__chr2:50506617:50528625:clu_29569 2 4882 89 depression sqtl -0.199455 -0.44282 0.03787 0.0397824 0 0.19609 0.0995236
ENSG00000179915.22__chr2:50506617:50531227:clu_29569 2 4882 89 depression sqtl 0.144137 -0.05712 0.34918 0.0207754 0 0.12192 0.154733
