locus chr n.snps n.pcs phen1 phen2 rho rho.lower rho.upper r2 r2.lower r2.upper p
ENSG00000067560.10__chr3:49362626:49368428:clu_31919 3 1995 117 depression sqtl 0.0239179 -0.22322 0.28099 0.000572067 0 0.08836 0.845735
ENSG00000067560.10__chr3:49368548:49375434:clu_31919 3 1995 117 depression sqtl -0.0418783 -0.32128 0.23469 0.00175379 0 0.11318 0.753983
ENSG00000114316.12__chr3:49324763:49324894:clu_31915 3 2058 117 depression sqtl 0.022306 -0.25778 0.29916 0.000497557 0 0.10616 0.870925
ENSG00000138468.15__chr3:101341779:101343686:clu_32473 3 4102 117 depression sqtl 0.196199 -0.05852 0.46038 0.0384942 0 0.21195 0.116545
ENSG00000145029.13__chr3:49425996:49426252:clu_31921 3 1999 117 depression sqtl -0.0312459 -0.35147 0.28528 0.000976305 0 0.13991 0.839332
