locus chr n.snps n.pcs phen1 phen2 rho rho.lower rho.upper r2 r2.lower r2.upper p
ENSG00000070371.15__chr22:19180806:19183390:clu_22834 22 3542 117 depression sqtl -0.239331 -0.54581 0.05735 0.0572796 0 0.29791 0.110896
ENSG00000093010.13__chr22:19961289:19962233:clu_22872 22 4815 117 depression sqtl 0.230964 -0.05851 0.53639 0.0533445 0 0.28771 0.116755
ENSG00000099889.13__chr22:19970743:19971886:clu_22875 22 4788 117 depression sqtl 0.316656 0.05397 0.60086 0.100271 0.00356 0.36104 0.0184459
ENSG00000099889.13__chr22:19971335:19971886:clu_22875 22 4788 117 depression sqtl -0.443741 -0.7247 -0.20476 0.196906 0.04193 0.52519 0.000455417
ENSG00000099889.13__chr22:19973036:19973643:clu_22880 22 4788 117 depression sqtl 0.536886 0.30569 0.82075 0.288247 0.09344 0.67363 2.5337e-05
ENSG00000100084.14__chr22:19441694:19447378:clu_22847 22 3733 117 depression sqtl -0.177457 -0.47912 0.11081 0.0314911 0 0.22956 0.226755
ENSG00000100393.12__chr22:41140257:41141048:clu_23648 22 2913 117 depression sqtl 0.529645 0.30046 0.79055 0.280524 0.09028 0.62497 3.96415e-05
ENSG00000100393.12__chr22:41146816:41147837:clu_23648 22 2913 117 depression sqtl -0.488896 -0.72929 -0.27461 0.239019 0.07541 0.53187 3.83852e-05
ENSG00000100399.15__chr22:41235343:41236484:clu_23656 22 2976 117 depression sqtl -0.0611143 -0.36032 0.22783 0.00373496 0 0.13493 0.678335
ENSG00000100399.15__chr22:41236650:41237176:clu_23656 22 2976 117 depression sqtl 0.0175558 -0.28497 0.32444 0.000308206 0 0.12565 0.904678
ENSG00000183597.15__chr22:20036854:20043355:clu_22886 22 4788 117 depression sqtl 0.276957 -0.00019 0.59185 0.0767052 0 0.35029 0.0559848
ENSG00000183597.15__chr22:20037094:20043355:clu_22886 22 4788 117 depression sqtl -0.266746 -0.56541 0.01318 0.0711532 0 0.31969 0.0631101
ENSG00000242259.8__chr22:19441694:19447378:clu_22847 22 3776 117 depression sqtl -0.169542 -0.46705 0.09932 0.0287444 0 0.21813 0.221723
ENSG00000244486.8__chr22:20430908:20431018:clu_22921 22 4012 117 depression sqtl -0.0567065 -0.3829 0.24974 0.00321563 0 0.15458 0.711224
