locus chr n.snps n.pcs phen1 phen2 rho rho.lower rho.upper r2 r2.lower r2.upper p
ENSG00000065621.14__chr10:104279471:104297578:clu_8041 10 3960 114 depression sqtl -0.0335291 -0.26073 0.19388 0.0011242 0 0.07561 0.76772
ENSG00000138311.15__chr10:62374458:62376181:clu_7226 10 4635 114 depression sqtl -0.0020978 -0.32236 0.30539 4.40075e-06 0 0.13381 0.988886
ENSG00000148814.17__chr10:132351753:132352906:clu_8343 10 5869 114 depression sqtl 0.211604 -0.04312 0.49078 0.0447763 0 0.24087 0.0977886
ENSG00000148814.17__chr10:132351753:132353038:clu_8343 10 5869 114 depression sqtl 0.381593 0.08885 0.72094 0.145613 0.0084 0.51976 0.0129745
ENSG00000148834.12__chr10:104259798:104262979:clu_8039 10 3978 114 depression sqtl 0.146928 -0.06089 0.36267 0.0215878 0 0.13153 0.16649
ENSG00000148834.12__chr10:104263077:104266084:clu_8039 10 3978 114 depression sqtl -0.134252 -0.33921 0.06194 0.0180237 0 0.11506 0.174602
ENSG00000171811.13__chr10:132835434:132836142:clu_8357 10 4481 114 depression sqtl 0.211759 -0.02574 0.48341 0.0448417 0 0.23369 0.0902463
