locus chr n.snps n.pcs phen1 phen2 rho rho.lower rho.upper r2 r2.lower r2.upper p
ENSG00000009950.15__chr7:73599695:73616071:clu_24869 7 2299 117 depression sqtl -0.25008 -0.51254 -0.00018 0.0625402 0.00075 0.2627 0.0496441
ENSG00000049541.10__chr7:74243246:74246662:clu_24905 7 2032 117 depression sqtl 0.364943 0.10081 0.65661 0.133184 0.01025 0.43113 0.00903659
ENSG00000049541.10__chr7:74249118:74249739:clu_24905 7 2032 117 depression sqtl -0.40001 -0.61827 -0.20345 0.160008 0.04139 0.38226 0.000112384
ENSG00000071462.11__chr7:73694050:73697605:clu_24876 7 2293 117 depression sqtl 0.241266 0.00334 0.49824 0.0582092 0.00086 0.24825 0.0423873
ENSG00000106077.18__chr7:73737110:73737562:clu_24878 7 2266 117 depression sqtl 0.359037 0.11085 0.63138 0.128907 0.01229 0.39864 0.0056854
ENSG00000106077.18__chr7:73737391:73737562:clu_24878 7 2266 117 depression sqtl 0.0173416 -0.22676 0.25991 0.00030073 0 0.07824 0.886871
ENSG00000106089.11__chr7:73700931:73702845:clu_24877 7 2293 117 depression sqtl 0.092107 -0.12327 0.32079 0.00848369 0 0.10292 0.402107
ENSG00000146540.14__chr7:1010143:1028258:clu_23981 7 4783 117 depression sqtl 0.24493 0.04139 0.46141 0.0599907 0.0022 0.2129 0.0221805
ENSG00000146540.14__chr7:1127386:1138218:clu_23984 7 4783 117 depression sqtl -0.227053 -0.45809 -0.00036 0.0515531 6e-04 0.20985 0.0543209
ENSG00000164849.9__chr7:1055483:1056104:clu_23982 7 4845 117 depression sqtl 0.142247 -0.07684 0.36968 0.0202342 0 0.13666 0.203228
ENSG00000164877.18__chr7:1442484:1444652:clu_23995 7 5285 117 depression sqtl -0.00313073 -0.25325 0.24666 9.80148e-06 0 0.08355 0.97986
ENSG00000164880.15__chr7:1500366:1502901:clu_24007 7 5431 117 depression sqtl -0.167844 -0.42054 0.07612 0.0281718 0 0.17686 0.17809
ENSG00000239857.6__chr7:884394:886056:clu_23972 7 4296 117 depression sqtl -0.185895 -0.46489 0.07631 0.034557 0 0.21612 0.165387
ENSG00000240230.5__chr7:973292:975428:clu_23978 7 4675 117 depression sqtl 0.163579 -0.09817 0.43043 0.0267579 0 0.18527 0.204475
