locus chr n.snps n.pcs phen1 phen2 rho rho.lower rho.upper r2 r2.lower r2.upper p
ENSG00000163319.10__chr4:83458429:83460973:clu_26091 4 4287 89 depression sqtl 0.0859033 -0.23783 0.41984 0.00737938 0 0.18025 0.586238
ENSG00000163322.13__chr4:83469151:83470203:clu_26092 4 4219 89 depression sqtl -0.198012 -0.50474 0.08885 0.0392088 0 0.25477 0.16705
ENSG00000164124.10__chr4:158232982:158235438:clu_26543 4 4056 89 depression sqtl 0.0101124 -0.27597 0.29401 0.000102261 0 0.10867 0.942317
ENSG00000164124.10__chr4:158235505:158237525:clu_26543 4 4056 89 depression sqtl 0.0223973 -0.27947 0.31836 0.000501641 0 0.12194 0.876705
ENSG00000164125.15__chr4:158171599:158172339:clu_26538 4 4061 89 depression sqtl 0.336342 0.09221 0.60447 0.113126 0.00857 0.36539 0.00825517
