locus chr n.snps n.pcs phen1 phen2 rho rho.lower rho.upper r2 r2.lower r2.upper p
ENSG00000076513.16__chr12:110016433:110018345:clu_3606 12 3577 114 depression sqtl 0.17131 -0.15113 0.50976 0.029347 0 0.26021 0.271182
ENSG00000076513.16__chr12:110036328:110037359:clu_3614 12 3577 114 depression sqtl 0.366148 0.11134 0.66537 0.134065 0.01278 0.44272 0.00663302
ENSG00000088986.10__chr12:120488653:120496416:clu_3852 12 4582 114 depression sqtl 0.208677 -0.05552 0.49306 0.043546 0 0.2431 0.119792
ENSG00000122966.15__chr12:119742464:119752050:clu_3816 12 4452 114 depression sqtl 0.161727 -0.14867 0.49309 0.0261558 0 0.24403 0.304615
ENSG00000175970.10__chr12:120710718:120713274:clu_3868 12 4485 114 depression sqtl 0.321315 0.09592 0.55869 0.103243 0.0092 0.31214 0.00598385
ENSG00000176834.13__chr12:118095814:118102989:clu_3792 12 5148 114 depression sqtl -0.353824 -0.66598 -0.08681 0.125192 0.0079 0.44353 0.0104221
ENSG00000185046.18__chr12:98801125:98807844:clu_3428 12 3995 114 depression sqtl 0.00981552 -0.29003 0.31066 9.63445e-05 0 0.12302 0.946142
