locus chr n.snps n.pcs phen1 phen2 rho rho.lower rho.upper r2 r2.lower r2.upper p
ENSG00000117569.18__chr1:96804939:96806419:clu_33565 1 4269 89 depression sqtl -0.497854 -0.71269 -0.2926 0.247859 0.08562 0.50793 1.49734e-05
ENSG00000118473.21__chr1:66677096:66679678:clu_33277 1 4708 89 depression sqtl 0.307105 0.08864 0.54196 0.0943134 0.00796 0.29372 0.00697183
ENSG00000162373.12__chr1:48742771:48758900:clu_33076 1 2988 89 depression sqtl -0.163822 -0.43508 0.10817 0.0268376 0 0.18929 0.21878
ENSG00000162374.16__chr1:50177192:50193765:clu_33080 1 2069 89 depression sqtl -0.147486 -0.39999 0.09752 0.0217521 0 0.16061 0.222646
ENSG00000163879.10__chr1:37559496:37561557:clu_32740 1 4097 89 depression sqtl -0.16958 -0.41087 0.06202 0.0287574 0 0.16881 0.154107
ENSG00000181817.5__chr1:36391604:36392358:clu_32722 1 3060 89 depression sqtl 0.224089 -0.03712 0.48784 0.0502159 0 0.23799 0.0976773
ENSG00000181817.5__chr1:36394153:36397767:clu_32723 1 3060 89 depression sqtl 0.0721636 -0.19552 0.33259 0.00520758 0 0.11451 0.585456
ENSG00000214193.10__chr1:36308475:36309548:clu_32717 1 2896 89 depression sqtl 0.0245171 -0.20241 0.24953 0.000601089 0 0.07124 0.82844
