locus chr n.snps n.pcs phen1 phen2 rho rho.lower rho.upper r2 r2.lower r2.upper p
ENSG00000164796.17__chr8:112976148:113019067:clu_42351 8 4648 112 depression sqtl -0.0339541 -0.3198 0.2633 0.00115288 0 0.1137 0.81121
ENSG00000164796.17__chr8:113098963:113173722:clu_42353 8 4648 112 depression sqtl 0.0194177 -0.23472 0.28201 0.000377046 0 0.09366 0.873968
