locus chr n.snps n.pcs phen1 phen2 rho rho.lower rho.upper r2 r2.lower r2.upper p
ENSG00000048028.11__chr11:113805046:113806489:clu_6184 11 4574 101 depression sqtl 0.0297518 -0.26512 0.32586 0.000885168 0 0.11899 0.8355
ENSG00000077616.10__chr11:90163617:90168929:clu_5990 11 3844 101 depression sqtl -0.000688854 -0.22017 0.21648 4.74521e-07 0 0.06218 0.994923
ENSG00000077616.10__chr11:90168992:90170069:clu_5991 11 3844 101 depression sqtl 0.227552 0.01001 0.45738 0.0517801 0.00073 0.20919 0.0454001
ENSG00000077616.10__chr11:90168992:90173824:clu_5991 11 3844 101 depression sqtl -0.0828265 -0.27427 0.10811 0.00686023 0 0.07578 0.384851
ENSG00000077616.10__chr11:90183008:90191558:clu_5993 11 3844 101 depression sqtl 0.0163639 -0.20472 0.23444 0.000267776 0 0.0628 0.881266
ENSG00000110172.11__chr11:90215230:90218135:clu_5997 11 3886 101 depression sqtl -0.0832273 -0.29299 0.12457 0.00692678 0 0.08597 0.422934
ENSG00000121680.15__chr11:45910177:45910898:clu_4876 11 3421 101 depression sqtl 0.017148 -0.24258 0.28127 0.000294053 0 0.09075 0.894021
ENSG00000121680.15__chr11:45910312:45910898:clu_4876 11 3421 101 depression sqtl -0.0238187 -0.27939 0.23317 0.000567332 0 0.0898 0.849024
ENSG00000134574.11__chr11:47217049:47234573:clu_4927 11 2509 101 depression sqtl 0.340067 0.05026 0.67415 0.115646 0.0033 0.45448 0.024774
ENSG00000149091.15__chr11:46370009:46371313:clu_4894 11 3119 101 depression sqtl -0.0121426 -0.30888 0.28924 0.000147443 0 0.12059 0.933111
ENSG00000149294.16__chr11:113271876:113272933:clu_6168 11 4320 101 depression sqtl 0.0654001 -0.18532 0.32186 0.00427718 0 0.10736 0.609486
ENSG00000152219.4__chr11:30323202:30330886:clu_4754 11 3488 101 depression sqtl 0.452684 0.20016 0.75799 0.204923 0.04006 0.57454 0.0010938
ENSG00000152219.4__chr11:30331374:30332866:clu_4754 11 3488 101 depression sqtl -0.408577 -0.70279 -0.15285 0.166935 0.02336 0.49392 0.00318092
ENSG00000162174.12__chr11:62357144:62389133:clu_5145 11 3704 101 depression sqtl -0.0983883 -0.38567 0.17559 0.00968025 0 0.14892 0.460583
ENSG00000168005.8__chr11:63822848:63823135:clu_5224 11 3182 101 depression sqtl 0.28805 0.00171 0.61414 0.0829728 0.00109 0.37717 0.0546575
ENSG00000180773.14__chr11:93168171:93170111:clu_6002 11 4178 101 depression sqtl -0.0464591 -0.38364 0.2755 0.00215845 0 0.16304 0.763916
ENSG00000180773.14__chr11:93168171:93180797:clu_6002 11 4178 101 depression sqtl 0.0983163 -0.23179 0.44242 0.00966609 0 0.20231 0.54072
ENSG00000181830.8__chr11:45806336:45810776:clu_4870 11 3623 101 depression sqtl 0.158863 -0.13416 0.46964 0.0252374 0 0.22056 0.285378
ENSG00000239306.4__chr11:66625678:66626461:clu_5517 11 2635 101 depression sqtl -0.332068 -0.6601 -0.0603 0.110269 0.00428 0.43574 0.020213
ENSG00000239306.4__chr11:66644140:66646027:clu_5516 11 2635 101 depression sqtl -0.246952 -0.56441 0.03596 0.0609853 0 0.31856 0.0934071
