locus chr n.snps n.pcs phen1 phen2 rho rho.lower rho.upper r2 r2.lower r2.upper p
ENSG00000118939.17__chr13:75549670:75549976:clu_1815 13 5016 84 depression sqtl 0.236441 -0.01729 0.50472 0.0559042 0 0.25474 0.0703633
ENSG00000118939.17__chr13:75569507:75589938:clu_1816 13 5016 84 depression sqtl -0.0126999 -0.3342 0.30344 0.000161289 0 0.13532 0.933595
ENSG00000136153.19__chr13:75819535:75821177:clu_1821 13 4988 84 depression sqtl 0.117584 -0.17661 0.43277 0.0138261 0 0.18987 0.43163
