locus chr n.snps n.pcs phen1 phen2 rho rho.lower rho.upper r2 r2.lower r2.upper p
ENSG00000009954.10__chr7:73463099:73464120:clu_22569 7 2310 84 depression sqtl -0.123134 -0.41595 0.15115 0.0151619 0 0.17336 0.374373
ENSG00000049541.10__chr7:74238988:74239938:clu_22597 7 2024 84 depression sqtl 0.106649 -0.1338 0.35425 0.0113741 0 0.12592 0.372252
ENSG00000049541.10__chr7:74249780:74254271:clu_22599 7 2024 84 depression sqtl -0.243224 -0.51553 0.02057 0.059158 0 0.26577 0.0688351
ENSG00000071462.11__chr7:73694050:73697466:clu_22584 7 2283 84 depression sqtl -0.0422894 -0.29797 0.21045 0.0017884 0 0.09281 0.73328
ENSG00000086730.16__chr7:74214940:74215947:clu_22594 7 2024 84 depression sqtl 0.13943 -0.13149 0.42468 0.0194406 0 0.18035 0.301144
ENSG00000086730.16__chr7:74220734:74221637:clu_22595 7 2024 84 depression sqtl 0.315415 0.04445 0.62024 0.0994868 0.00287 0.3847 0.0289939
ENSG00000146540.14__chr7:1010143:1010232:clu_21820 7 4739 84 depression sqtl -0.225231 -0.47937 0.01625 0.050729 0 0.2298 0.0680363
ENSG00000146540.14__chr7:1010300:1028258:clu_21820 7 4739 84 depression sqtl -0.0502988 -0.32071 0.21503 0.00252997 0 0.10871 0.706331
ENSG00000146540.14__chr7:1127386:1137315:clu_21830 7 4739 84 depression sqtl -0.104332 -0.36592 0.14487 0.0108851 0 0.13398 0.410325
ENSG00000164828.17__chr7:843520:848418:clu_21807 7 4009 84 depression sqtl -0.267561 -0.60203 0.042 0.071589 0 0.36244 0.0846271
ENSG00000164828.17__chr7:848615:849923:clu_21807 7 4009 84 depression sqtl 0.0487432 -0.26227 0.36807 0.00237589 0 0.14517 0.745417
ENSG00000164828.17__chr7:856401:860128:clu_21809 7 4009 84 depression sqtl -0.272869 -0.60216 0.02937 0.0744577 0 0.36259 0.0754243
ENSG00000164880.15__chr7:1500366:1500892:clu_21847 7 5387 84 depression sqtl -0.0878661 -0.41352 0.22027 0.00772045 0 0.17485 0.574509
