locus chr n.snps n.pcs phen1 phen2 rho rho.lower rho.upper r2 r2.lower r2.upper p
ENSG00000075413.17__chr14:103487707:103491777:clu_15841 14 4631 84 depression sqtl 0.39163 0.11837 0.68597 0.153374 0.01401 0.47056 0.00620373
ENSG00000100664.10__chr14:103335185:103335653:clu_15835 14 4611 84 depression sqtl -0.235906 -0.49939 0.01311 0.0556516 0 0.24939 0.0610124
ENSG00000126214.21__chr14:103692425:103693553:clu_15847 14 4631 84 depression sqtl 0.541039 0.2886 0.8311 0.292723 0.08329 0.69073 0.000189839
ENSG00000182400.14__chr14:39158402:39159483:clu_14939 14 4821 84 depression sqtl -0.164395 -0.49945 0.15075 0.0270257 0 0.24945 0.287958
ENSG00000185215.8__chr14:103124506:103126310:clu_15832 14 4466 84 depression sqtl 0.000764358 -0.28671 0.28856 5.84243e-07 0 0.10868 0.995611
ENSG00000198752.10__chr14:102959710:102963061:clu_15831 14 4440 84 depression sqtl -0.265558 -0.56299 0.01944 0.0705209 0 0.31696 0.0705697
ENSG00000203485.12__chr14:104712992:104713202:clu_15865 14 3783 84 depression sqtl -0.10782 -0.44342 0.21253 0.0116252 0 0.19748 0.482793
ENSG00000203485.12__chr14:104714856:104718795:clu_15868 14 3783 84 depression sqtl -0.139173 -0.46405 0.16464 0.0193692 0 0.21749 0.356086
ENSG00000256053.7__chr14:103574170:103587274:clu_15845 14 4633 84 depression sqtl -0.325696 -0.59788 -0.06582 0.106078 0.00476 0.35746 0.0145158
ENSG00000258914.1__chr14:103873461:103877395:clu_15860 14 4745 84 depression sqtl 0.243137 -0.08439 0.61466 0.0591157 0 0.3778 0.145918
