locus chr n.snps n.pcs phen1 phen2 rho rho.lower rho.upper r2 r2.lower r2.upper p
ENSG00000043514.15__chr1:39850261:39852731:clu_35751 1 4256 84 depression sqtl 0.156523 -0.11884 0.43519 0.0244994 0 0.18974 0.249538
ENSG00000049089.13__chr1:40311286:40311488:clu_35768 1 4361 84 depression sqtl 0.32493 0.01536 0.66516 0.105579 0.0016 0.44244 0.0413723
ENSG00000078618.21__chr1:51823786:51827796:clu_36079 1 2897 84 depression sqtl 0.531169 0.28324 0.85422 0.282141 0.08023 0.7297 0.000157455
ENSG00000084070.11__chr1:40374223:40406736:clu_35773 1 4414 84 depression sqtl -0.333592 -0.66163 -0.04651 0.111284 0.00331 0.43775 0.0239634
ENSG00000084070.11__chr1:40374708:40406736:clu_35773 1 4414 84 depression sqtl 0.363625 0.06227 0.71553 0.132223 0.0054 0.51198 0.0199782
ENSG00000084073.8__chr1:40260985:40267786:clu_35762 1 4261 84 depression sqtl 0.279404 -0.00163 0.59316 0.0780667 0 0.35184 0.0530337
ENSG00000116885.18__chr1:36423466:36431802:clu_35671 1 3199 84 depression sqtl -0.020302 -0.26615 0.23084 0.000412171 0 0.0817 0.869233
ENSG00000117020.16__chr1:243512426:243545510:clu_38613 1 3566 84 depression sqtl -0.177743 -0.48868 0.11688 0.0315924 0 0.23881 0.230613
ENSG00000134748.12__chr1:52414647:52414741:clu_36104 1 3464 84 depression sqtl -0.415911 -0.71057 -0.16954 0.172982 0.02874 0.50491 0.00183457
ENSG00000134748.12__chr1:52414647:52414762:clu_36104 1 3464 84 depression sqtl 0.4136 0.17228 0.69582 0.171065 0.02968 0.48417 0.00139444
ENSG00000151414.14__chr1:198157276:198232553:clu_37941 1 3656 84 depression sqtl 0.170398 -0.05044 0.40237 0.0290356 0 0.1619 0.129033
ENSG00000151414.14__chr1:198293039:198319412:clu_37943 1 3656 84 depression sqtl -0.113424 -0.4086 0.17564 0.012865 0 0.16851 0.431917
ENSG00000154222.14__chr1:52359836:52360074:clu_36092 1 3513 84 depression sqtl -0.0814304 -0.35627 0.18757 0.00663092 0 0.12847 0.545169
ENSG00000154222.14__chr1:52359883:52360074:clu_36092 1 3513 84 depression sqtl 0.0667367 -0.20075 0.33081 0.00445378 0 0.11141 0.597045
ENSG00000163877.10__chr1:37540755:37552645:clu_35683 1 4099 84 depression sqtl -0.137087 -0.36885 0.09549 0.0187929 0 0.13605 0.237495
ENSG00000163877.10__chr1:37548987:37552645:clu_35683 1 4099 84 depression sqtl 0.143295 -0.08977 0.37962 0.0205334 0 0.14411 0.217756
ENSG00000183386.9__chr1:37997870:37997963:clu_35708 1 4354 84 depression sqtl 0.128868 -0.14978 0.42229 0.0166069 0 0.17905 0.349745
ENSG00000183386.9__chr1:37997870:37998974:clu_35708 1 4354 84 depression sqtl 0.151632 -0.14213 0.45241 0.0229922 0 0.20467 0.297174
ENSG00000184588.17__chr1:66332620:66355527:clu_36261 1 4634 84 depression sqtl -0.16713 -0.42609 0.08094 0.0279324 0 0.18155 0.19351
ENSG00000187815.9__chr1:40477894:40479333:clu_35776 1 4579 84 depression sqtl 0.165116 -0.10781 0.44778 0.0272633 0 0.20051 0.220165
ENSG00000198160.14__chr1:66925534:66926142:clu_36264 1 4658 84 depression sqtl 0.00478904 -0.25508 0.26428 2.29349e-05 0 0.08855 0.970023
ENSG00000203995.9__chr1:52877969:52881471:clu_36123 1 3700 84 depression sqtl -0.12535 -0.44595 0.18034 0.0157127 0 0.19925 0.397391
ENSG00000204084.12__chr1:37868614:37872930:clu_35696 1 4330 84 depression sqtl 0.256623 -0.04057 0.57928 0.0658552 0 0.33556 0.0920387
ENSG00000204084.12__chr1:37874155:37875606:clu_35697 1 4330 84 depression sqtl -0.163066 -0.45017 0.10526 0.0265907 0 0.20265 0.234139
ENSG00000254685.6__chr1:74199831:74201318:clu_36317 1 3628 84 depression sqtl -0.112232 -0.33315 0.1032 0.012596 0 0.11099 0.303117
ENSG00000254685.6__chr1:74199845:74201318:clu_36317 1 3628 84 depression sqtl 0.102431 -0.10851 0.31157 0.010492 0 0.09717 0.327332
