locus chr n.snps n.pcs phen1 phen2 rho rho.lower rho.upper r2 r2.lower r2.upper p
ENSG00000070413.19__chr22:19041294:19041807:clu_19265 22 3289 84 depression sqtl 0.0286217 -0.3036 0.35811 0.000819203 0 0.15124 0.858674
ENSG00000093009.9__chr22:19494382:19495981:clu_19292 22 3826 84 depression sqtl -0.316854 -0.61446 -0.05436 0.100397 0.00367 0.37756 0.0219581
ENSG00000093009.9__chr22:19494602:19495981:clu_19292 22 3826 84 depression sqtl 0.358743 0.10125 0.64571 0.128697 0.01036 0.41695 0.0079793
ENSG00000100359.20__chr22:40402205:40404247:clu_19957 22 2729 84 depression sqtl -0.0124985 -0.33349 0.3232 0.000156212 0 0.14547 0.937611
ENSG00000100372.14__chr22:40770981:40777040:clu_19970 22 2683 84 depression sqtl -0.239885 -0.49573 0.00037 0.0575449 0 0.24575 0.0506913
ENSG00000100395.14__chr22:41217202:41219419:clu_19982 22 2978 84 depression sqtl 0.216346 -0.04237 0.4829 0.0468055 0 0.23319 0.0931369
ENSG00000100395.14__chr22:41219536:41220734:clu_19982 22 2978 84 depression sqtl -0.232351 -0.51283 0.04203 0.0539872 0 0.263 0.0944457
ENSG00000183066.14__chr22:41998880:42001100:clu_20031 22 3837 84 depression sqtl -0.000865941 -0.30664 0.29809 7.49853e-07 0 0.12348 0.995312
ENSG00000184470.20__chr22:19895200:19895407:clu_19304 22 4819 84 depression sqtl 0.0472512 -0.25591 0.35296 0.00223267 0 0.13582 0.747833
ENSG00000241973.10__chr22:20742764:20744628:clu_19358 22 3592 84 depression sqtl 0.0568586 -0.25124 0.37358 0.0032329 0 0.1464 0.707065
