locus chr n.snps n.pcs phen1 phen2 rho rho.lower rho.upper r2 r2.lower r2.upper p
ENSG00000022840.15__chr12:120563070:120563332:clu_4111 12 4538 84 depression sqtl -0.161816 -0.455 0.1276 0.0261844 0 0.20702 0.263846
ENSG00000022840.15__chr12:120563070:120563347:clu_4111 12 4538 84 depression sqtl 0.120123 -0.12429 0.3679 0.0144296 0 0.13535 0.332404
ENSG00000022840.15__chr12:120566980:120571191:clu_4112 12 4538 84 depression sqtl -0.14028 -0.44048 0.14436 0.0196786 0 0.19402 0.328879
ENSG00000022840.15__chr12:120575950:120576590:clu_4113 12 4538 84 depression sqtl -0.290563 -0.56325 -0.0264 0.0844266 0.00187 0.31726 0.0318419
ENSG00000022840.15__chr12:120575950:120576593:clu_4113 12 4538 84 depression sqtl 0.275205 0.01457 0.55047 0.0757376 0.00124 0.30302 0.0408478
ENSG00000089154.10__chr12:120162971:120163070:clu_4089 12 4654 84 depression sqtl -0.24522 -0.54148 0.03062 0.0601329 0 0.2932 0.0849768
ENSG00000111725.10__chr12:119668403:119672301:clu_4056 12 4492 84 depression sqtl 0.0442074 -0.28419 0.37929 0.00195429 0 0.15642 0.78402
ENSG00000111725.10__chr12:119671668:119672301:clu_4056 12 4492 84 depression sqtl -0.000176133 -0.29457 0.28886 3.1023e-08 0 0.11174 0.999002
ENSG00000122966.15__chr12:119785065:119803206:clu_4068 12 4446 84 depression sqtl -0.215445 -0.56718 0.10002 0.0464164 0 0.32169 0.182686
ENSG00000139433.9__chr12:109857659:109857855:clu_3834 12 3716 84 depression sqtl -0.296061 -0.6265 -0.00486 0.0876522 0.00101 0.39251 0.0542453
ENSG00000139436.20__chr12:109951316:109953092:clu_3843 12 3580 84 depression sqtl 0.070213 -0.18217 0.33798 0.00492987 0 0.11746 0.580282
ENSG00000157782.9__chr12:120656272:120659878:clu_4115 12 4435 84 depression sqtl -0.225277 -0.50795 0.03643 0.0507497 0 0.25802 0.0972233
ENSG00000157782.9__chr12:120656421:120659878:clu_4115 12 4435 84 depression sqtl 0.0293235 -0.22955 0.29397 0.000859868 0 0.09685 0.823741
ENSG00000166987.14__chr12:57529674:57529934:clu_3206 12 3447 84 depression sqtl -0.18169 -0.49394 0.09943 0.0330111 0 0.24398 0.205942
