locus chr n.snps n.pcs phen1 phen2 rho rho.lower rho.upper r2 r2.lower r2.upper p
ENSG00000115392.11__chr2:58162947:58163029:clu_32382 2 4026 84 depression sqtl -0.12908 -0.38786 0.12373 0.0166615 0 0.15058 0.301164
ENSG00000115392.11__chr2:58222042:58226728:clu_32383 2 4026 84 depression sqtl 0.000801035 -0.23347 0.23263 6.41657e-07 0 0.07325 0.994356
ENSG00000115421.12__chr2:60787620:60791761:clu_32390 2 3853 84 depression sqtl 0.490677 0.21976 0.83284 0.240764 0.04829 0.69362 0.00109552
ENSG00000115919.14__chr2:142986021:142988845:clu_33427 2 4121 84 depression sqtl 0.240142 -0.01293 0.51513 0.0576684 0 0.26536 0.0646123
ENSG00000136560.13__chr2:161179761:161203484:clu_33563 2 3741 84 depression sqtl 0.0918649 -0.18131 0.37684 0.00843915 0 0.14307 0.497539
