locus chr n.snps n.pcs phen1 phen2 rho rho.lower rho.upper r2 r2.lower r2.upper p
ENSG00000107957.16__chr10:103588939:103611581:clu_8072 10 3656 84 depression sqtl 0.397722 0.16752 0.6309 0.158183 0.02806 0.39804 0.00105095
ENSG00000107957.16__chr10:103605917:103611581:clu_8072 10 3656 84 depression sqtl -0.360292 -0.58522 -0.14262 0.12981 0.02034 0.34248 0.00169897
