locus chr n.snps n.pcs phen1 phen2 rho rho.lower rho.upper r2 r2.lower r2.upper p
ENSG00000004534.14__chr3:49962685:49967198:clu_30072 3 2269 84 depression sqtl 0.341472 0.06688 0.67017 0.116603 0.00538 0.44913 0.0179428
ENSG00000004534.14__chr3:49962685:50048245:clu_30072 3 2269 84 depression sqtl -0.135955 -0.43815 0.14305 0.0184838 0 0.19198 0.339721
ENSG00000114388.12__chr3:50347901:50348124:clu_30094 3 2492 84 depression sqtl 0.113965 -0.18286 0.42157 0.012988 0 0.17921 0.436935
ENSG00000114388.12__chr3:50349010:50349386:clu_30093 3 2492 84 depression sqtl -0.034177 -0.37533 0.2998 0.00116807 0 0.15795 0.833305
ENSG00000164048.13__chr3:48247677:48256845:clu_29900 3 1805 84 depression sqtl 0.139015 -0.13163 0.42767 0.0193253 0 0.1833 0.299837
ENSG00000164048.13__chr3:48270969:48271075:clu_29900 3 1805 84 depression sqtl -0.0258562 -0.3189 0.26429 0.000668542 0 0.11733 0.853633
ENSG00000164053.19__chr3:48464662:48464831:clu_29921 3 1883 84 depression sqtl 0.0705446 -0.26233 0.41074 0.00497653 0 0.17793 0.66244
ENSG00000164088.17__chr3:52248700:52248956:clu_30162 3 2715 84 depression sqtl 0.245639 -0.06632 0.57681 0.0603387 0 0.33271 0.116567
