locus chr n.snps n.pcs phen1 phen2 rho rho.lower rho.upper r2 r2.lower r2.upper p
ENSG00000101751.10__chr18:54283815:54283922:clu_19026 18 5206 84 depression sqtl -0.175656 -0.38744 0.03568 0.030855 0 0.15011 0.101315
ENSG00000134046.11__chr18:54166166:54188874:clu_19020 18 5191 84 depression sqtl 0.0478643 -0.15374 0.25194 0.00229099 0 0.06503 0.638936
