locus chr n.snps n.pcs phen1 phen2 rho rho.lower rho.upper r2 r2.lower r2.upper p
ENSG00000141552.17__chr17:81893614:81894467:clu_10935 17 4930 84 depression sqtl -0.122585 -0.38094 0.12731 0.0150271 0 0.14544 0.330386
ENSG00000169683.7__chr17:82023863:82024693:clu_10961 17 4849 84 depression sqtl 0.305897 0.00601 0.64362 0.0935727 0.00121 0.41424 0.0497362
ENSG00000169727.12__chr17:82054049:82054498:clu_10975 17 4896 84 depression sqtl 0.0435733 -0.2446 0.34059 0.00189864 0 0.12766 0.760193
ENSG00000169727.12__chr17:82054049:82054510:clu_10975 17 4896 84 depression sqtl -0.00371858 -0.30695 0.29155 1.38278e-05 0 0.12302 0.97925
ENSG00000182612.10__chr17:81637406:81637518:clu_10916 17 5058 84 depression sqtl 0.134042 -0.14678 0.43162 0.0179673 0 0.18635 0.340976
ENSG00000183010.16__chr17:81936861:81937262:clu_10952 17 4893 84 depression sqtl -0.0343571 -0.33493 0.26774 0.00118041 0 0.12848 0.812448
ENSG00000183048.11__chr17:81712519:81714965:clu_10928 17 5011 84 depression sqtl 0.0442987 -0.29305 0.37795 0.00196237 0 0.15818 0.782161
ENSG00000204237.4__chr17:81665584:81666155:clu_10918 17 5051 84 depression sqtl -0.0499438 -0.36674 0.26624 0.00249439 0 0.1449 0.741557
