locus chr n.snps n.pcs phen1 phen2 rho rho.lower rho.upper r2 r2.lower r2.upper p
ENSG00000091009.7__chr5:146229910:146230657:clu_27287 5 3987 84 depression sqtl -0.11398 -0.45193 0.2044 0.0129914 0 0.20494 0.47387
ENSG00000113108.19__chr5:140562499:140563594:clu_27198 5 3005 84 depression sqtl -0.103228 -0.4368 0.21937 0.0106561 0 0.19391 0.513821
ENSG00000113649.11__chr5:146482727:146483540:clu_27294 5 4145 84 depression sqtl -0.381688 -0.7062 -0.11525 0.145686 0.01334 0.49871 0.00679188
ENSG00000113649.11__chr5:146482808:146483540:clu_27294 5 4145 84 depression sqtl 0.394003 0.11749 0.7162 0.155238 0.01395 0.51294 0.00757832
ENSG00000133706.17__chr5:146140261:146141544:clu_27280 5 4000 84 depression sqtl -0.175099 -0.4851 0.11102 0.0306595 0 0.23537 0.222593
ENSG00000213523.10__chr5:140551169:140557147:clu_27192 5 3005 84 depression sqtl -0.0878671 -0.39588 0.21378 0.00772062 0 0.1634 0.555802
