locus chr n.snps n.pcs phen1 phen2 rho rho.lower rho.upper r2 r2.lower r2.upper p
ENSG00000124155.17__chr20:45420429:45420508:clu_20933 20 4046 84 depression sqtl 0.0960174 -0.22166 0.42135 0.00921933 0 0.17934 0.538199
ENSG00000124155.17__chr20:45420429:45420528:clu_20933 20 4046 84 depression sqtl -0.092655 -0.42048 0.22293 0.00858495 0 0.18092 0.549057
