locus chr n.snps n.pcs phen1 phen2 rho rho.lower rho.upper r2 r2.lower r2.upper p
ENSG00000140694.16__chr16:14482827:14552021:clu_11614 16 2810 84 depression sqtl 0.11068 -0.15651 0.38758 0.01225 0 0.15038 0.400957
ENSG00000140694.16__chr16:14531174:14552021:clu_11614 16 2810 84 depression sqtl -0.0952985 -0.40343 0.1987 0.00908181 0 0.1636 0.518463
