locus chr n.snps n.pcs phen1 phen2 rho rho.lower rho.upper r2 r2.lower r2.upper p
ENSG00000030066.13__chr11:47818124:47819374:clu_5212 11 3379 84 depression sqtl -0.0339899 -0.31189 0.24285 0.00115531 0 0.10794 0.800754
ENSG00000030066.13__chr11:47827194:47835651:clu_5213 11 3379 84 depression sqtl -0.434666 -0.80279 -0.11905 0.188934 0.01426 0.64447 0.00911344
ENSG00000048028.11__chr11:113799415:113801483:clu_6410 11 4574 84 depression sqtl 0.0913297 -0.21494 0.41633 0.00834111 0 0.17668 0.541601
ENSG00000068971.13__chr11:64925933:64926712:clu_5557 11 2930 84 depression sqtl 0.0122513 -0.3318 0.35412 0.000150093 0 0.15651 0.939825
ENSG00000068971.13__chr11:64926908:64927802:clu_5557 11 2930 84 depression sqtl -0.0521053 -0.39491 0.28768 0.00271496 0 0.16793 0.750158
ENSG00000110074.10__chr11:126271657:126272969:clu_6687 11 5288 84 depression sqtl -0.333572 -0.66771 -0.03743 0.11127 0.00261 0.44583 0.0325999
ENSG00000110497.14__chr11:46494204:46512727:clu_5133 11 2822 84 depression sqtl 0.309552 0.03617 0.6077 0.0958222 0.00228 0.3693 0.0300265
ENSG00000134802.17__chr11:57416670:57417748:clu_5220 11 4636 84 depression sqtl -0.0871044 -0.3694 0.1886 0.00758717 0 0.13774 0.519954
ENSG00000149292.16__chr11:113339474:113341837:clu_6401 11 4542 84 depression sqtl -0.346327 -0.57936 -0.13026 0.119943 0.01702 0.33566 0.00295048
ENSG00000149480.6__chr11:62600689:62601423:clu_5363 11 3879 84 depression sqtl -0.624055 -0.95731 -0.38943 0.389445 0.15165 0.91644 2.87866e-06
ENSG00000166002.6__chr11:93479503:93499276:clu_6212 11 4417 84 depression sqtl -0.212289 -0.46592 0.03427 0.0450667 0 0.21708 0.0786512
ENSG00000175216.14__chr11:46753497:46754888:clu_5152 11 2507 84 depression sqtl -0.162387 -0.46836 0.1262 0.0263695 0 0.22 0.252994
ENSG00000175216.14__chr11:46755067:46758923:clu_5152 11 2507 84 depression sqtl 0.158805 -0.10572 0.44335 0.0252189 0 0.19677 0.229941
ENSG00000175220.11__chr11:46679225:46679365:clu_5143 11 2654 84 depression sqtl -0.10512 -0.39557 0.17747 0.0110502 0 0.15733 0.442665
ENSG00000175220.11__chr11:46679468:46679648:clu_5144 11 2654 84 depression sqtl 0.0792449 -0.21581 0.36988 0.00627976 0 0.1421 0.582199
ENSG00000175220.11__chr11:46679776:46680205:clu_5144 11 2654 84 depression sqtl -0.128356 -0.43989 0.17585 0.0164753 0 0.19376 0.390997
ENSG00000175224.16__chr11:46618375:46621060:clu_5138 11 2779 84 depression sqtl -0.0554131 -0.31466 0.20246 0.00307061 0 0.10331 0.659093
ENSG00000175224.16__chr11:46618375:46630045:clu_5138 11 2779 84 depression sqtl -0.108943 -0.40605 0.17711 0.0118686 0 0.16589 0.44672
ENSG00000180773.14__chr11:93181786:93182806:clu_6208 11 4174 84 depression sqtl 0.153565 -0.17471 0.511 0.0235823 0 0.26123 0.347408
ENSG00000180773.14__chr11:93184520:93185691:clu_6209 11 4174 84 depression sqtl -0.310945 -0.66085 0.00349 0.096687 0 0.43672 0.0577181
