locus chr n.snps n.pcs phen1 phen2 rho rho.lower rho.upper r2 r2.lower r2.upper p
ENSG00000172315.5__chr20:46687231:46689127:clu_28900 20 4173 164 depression sqtl 0.0518094 -0.20579 0.31384 0.00268422 0 0.10372 0.681395
ENSG00000172315.5__chr20:46687231:46689132:clu_28900 20 4173 164 depression sqtl 0.0822582 -0.20183 0.36912 0.00676641 0 0.13772 0.555258
