locus chr n.snps n.pcs phen1 phen2 rho rho.lower rho.upper r2 r2.lower r2.upper p
ENSG00000022840.15__chr12:120566980:120571191:clu_5539 12 4546 164 depression sqtl 0.262955 0.04792 0.50372 0.0691455 0.00287 0.25374 0.0214097
ENSG00000022840.15__chr12:120571291:120575631:clu_5539 12 4546 164 depression sqtl -0.226488 -0.49053 0.02601 0.0512969 0 0.24062 0.0866716
ENSG00000076513.16__chr12:110036328:110037359:clu_5223 12 3580 164 depression sqtl 0.0533561 -0.23961 0.33617 0.00284687 0 0.12166 0.702123
ENSG00000089159.16__chr12:120215661:120216273:clu_5518 12 4671 164 depression sqtl 0.257768 0.01741 0.50939 0.0664445 0.00126 0.25948 0.035274
ENSG00000089159.16__chr12:120222999:120223718:clu_5520 12 4671 164 depression sqtl 0.502995 0.25128 0.7819 0.253004 0.06314 0.61137 0.000183747
ENSG00000089159.16__chr12:120223833:120224151:clu_5520 12 4671 164 depression sqtl -0.4796 -0.74373 -0.24422 0.230016 0.05965 0.55314 0.000159664
ENSG00000122970.15__chr12:110161283:110162919:clu_5227 12 3443 164 depression sqtl -0.0260644 -0.30282 0.25192 0.000679355 0 0.10301 0.849299
ENSG00000122970.15__chr12:110191048:110192590:clu_5229 12 3443 164 depression sqtl -0.237477 -0.49603 -0.00323 0.0563954 0.00081 0.24605 0.049349
ENSG00000122970.15__chr12:110191048:110192617:clu_5229 12 3443 164 depression sqtl 0.209627 -0.02053 0.46398 0.0439437 0 0.21528 0.0806627
ENSG00000135097.6__chr12:120346289:120347446:clu_5524 12 4595 164 depression sqtl 0.198692 -0.04219 0.44445 0.0394787 0 0.19753 0.09935
ENSG00000135097.6__chr12:120346322:120347446:clu_5524 12 4595 164 depression sqtl -0.206558 -0.43928 0.02345 0.0426661 0 0.19297 0.0792545
ENSG00000135097.6__chr12:120347514:120353299:clu_5525 12 4595 164 depression sqtl 0.0789891 -0.10714 0.26758 0.00623927 0 0.07167 0.401516
ENSG00000135097.6__chr12:120364755:120366942:clu_5527 12 4595 164 depression sqtl 0.139166 -0.06315 0.35749 0.0193671 0 0.1278 0.188083
ENSG00000139436.20__chr12:109967319:109967458:clu_5212 12 3583 164 depression sqtl 0.0485438 -0.23041 0.33221 0.0023565 0 0.11654 0.723793
ENSG00000167272.10__chr12:120579597:120580996:clu_5540 12 4473 164 depression sqtl 0.0727967 -0.12029 0.27326 0.00529936 0 0.07519 0.461346
ENSG00000167272.10__chr12:120579651:120579774:clu_5540 12 4473 164 depression sqtl -0.0069074 -0.20155 0.18718 4.77121e-05 0 0.05094 0.943547
ENSG00000168778.11__chr12:123687035:123688051:clu_5743 12 4378 164 depression sqtl -0.0526874 -0.31097 0.2 0.00277596 0 0.10179 0.672342
ENSG00000168778.11__chr12:123687035:123690533:clu_5743 12 4378 164 depression sqtl -0.209832 -0.5543 0.09757 0.0440295 0 0.30725 0.175424
ENSG00000168778.11__chr12:123692723:123694842:clu_5744 12 4378 164 depression sqtl 0.111613 -0.18326 0.41249 0.0124575 0 0.17131 0.434315
ENSG00000168778.11__chr12:123695297:123696415:clu_5744 12 4378 164 depression sqtl -0.267714 -0.5924 0.01779 0.0716708 0 0.35116 0.068508
ENSG00000168778.11__chr12:123699810:123706726:clu_5745 12 4378 164 depression sqtl 0.301355 0.00698 0.63979 0.0908146 0.00119 0.40933 0.0535919
ENSG00000174437.16__chr12:110328017:110331972:clu_5235 12 3243 164 depression sqtl 0.0263058 -0.29274 0.34084 0.000691995 0 0.13916 0.859935
ENSG00000257218.5__chr12:120455030:120457076:clu_5530 12 4604 164 depression sqtl -0.166728 -0.39355 0.04958 0.0277983 0 0.15488 0.138405
