locus chr n.snps n.pcs phen1 phen2 rho rho.lower rho.upper r2 r2.lower r2.upper p
ENSG00000135046.13__chr9:73151924:73154461:clu_54505 9 4013 164 depression sqtl 0.0509582 -0.17103 0.27691 0.00259674 0 0.07871 0.647812
ENSG00000175768.12__chr9:37588932:37592291:clu_54317 9 4385 164 depression sqtl -0.0585738 -0.395 0.26593 0.00343089 0 0.16622 0.710718
ENSG00000180264.11__chr9:124467824:124468088:clu_55389 9 3399 164 depression sqtl -0.165458 -0.42249 0.07518 0.0273762 0 0.1785 0.182936
ENSG00000180264.11__chr9:124468672:124469222:clu_55390 9 3399 164 depression sqtl 0.0257733 -0.18736 0.24456 0.000664262 0 0.06594 0.806084
ENSG00000180264.11__chr9:124476415:124476679:clu_55392 9 3399 164 depression sqtl -0.025901 -0.27774 0.21681 0.000670862 0 0.08669 0.83437
ENSG00000180264.11__chr9:124476709:124477062:clu_55393 9 3399 164 depression sqtl 0.190916 -0.04875 0.44808 0.0364487 0 0.20078 0.112543
ENSG00000180264.11__chr9:124476709:124478281:clu_55393 9 3399 164 depression sqtl -0.184175 -0.41213 0.02985 0.0339206 0 0.16985 0.0911355
