locus chr n.snps n.pcs phen1 phen2 rho rho.lower rho.upper r2 r2.lower r2.upper p
ENSG00000102921.7__chr16:48548114:48553539:clu_16795 16 3390 164 depression sqtl 0.0493545 -0.20161 0.30959 0.00243587 0 0.1006 0.688353
ENSG00000103429.10__chr16:14648592:14649804:clu_16052 16 2814 164 depression sqtl 0.146382 -0.07982 0.38429 0.0214276 0 0.14768 0.199003
ENSG00000140694.16__chr16:14482827:14552021:clu_16045 16 2814 164 depression sqtl -0.215527 -0.51751 0.05948 0.0464521 0 0.26782 0.128517
ENSG00000186260.16__chr16:14140760:14210243:clu_16037 16 4058 164 depression sqtl 0.0817235 -0.11979 0.29262 0.00667872 0 0.08582 0.424874
ENSG00000234719.8__chr16:11929445:11933517:clu_16022 16 6568 164 depression sqtl 0.0129164 -0.21678 0.24456 0.000166833 0 0.07009 0.909674
