locus chr n.snps n.pcs phen1 phen2 rho rho.lower rho.upper r2 r2.lower r2.upper p
ENSG00000065621.14__chr10:104274949:104275226:clu_11099 10 3967 164 depression sqtl 0.103322 -0.11726 0.3319 0.0106754 0 0.11016 0.347928
ENSG00000065621.14__chr10:104275334:104277894:clu_11099 10 3967 164 depression sqtl -0.0574616 -0.28285 0.15946 0.00330183 0 0.0821 0.602732
ENSG00000065621.14__chr10:104297684:104299128:clu_11099 10 3967 164 depression sqtl 0.21635 0.00226 0.43707 0.0468074 0.00056 0.19103 0.0476641
ENSG00000148814.17__chr10:132365550:132366615:clu_11497 10 5874 164 depression sqtl -0.0770903 -0.33674 0.17491 0.00594292 0 0.11573 0.530371
ENSG00000148814.17__chr10:132365550:132375066:clu_11497 10 5874 164 depression sqtl -0.124642 -0.4231 0.15092 0.0155356 0 0.1801 0.36154
ENSG00000171811.13__chr10:132810489:132810585:clu_11509 10 4486 164 depression sqtl 0.186645 -0.1096 0.51967 0.0348363 0 0.27006 0.212963
ENSG00000171811.13__chr10:132907101:132908468:clu_11520 10 4486 164 depression sqtl 0.100328 -0.1723 0.3839 0.0100658 0 0.14884 0.455554
ENSG00000171811.13__chr10:132907473:132908468:clu_11520 10 4486 164 depression sqtl -0.125164 -0.43794 0.177 0.0156661 0 0.19297 0.394048
ENSG00000171811.13__chr10:132926666:132929705:clu_11525 10 4486 164 depression sqtl -0.0523653 -0.36726 0.26318 0.00274212 0 0.14663 0.726816
ENSG00000171813.13__chr10:132408825:132409762:clu_11498 10 5690 164 depression sqtl -0.0274685 -0.33722 0.27565 0.000754517 0 0.13094 0.851297
ENSG00000197748.12__chr10:104131484:104132116:clu_11079 10 3985 164 depression sqtl 0.198759 -0.06041 0.46939 0.0395053 0 0.22033 0.130825
ENSG00000197748.12__chr10:104167737:104168744:clu_11083 10 3985 164 depression sqtl 0.00770468 -0.26283 0.28512 5.93621e-05 0 0.10113 0.955098
ENSG00000197748.12__chr10:104188410:104193866:clu_11087 10 3985 164 depression sqtl -0.128434 -0.40919 0.14622 0.0164953 0 0.16743 0.345736
ENSG00000216937.13__chr10:32474023:32511626:clu_9748 10 4913 164 depression sqtl 0.0669809 -0.23811 0.38355 0.00448644 0 0.15128 0.650914
ENSG00000216937.13__chr10:32559146:32565558:clu_9749 10 4913 164 depression sqtl -0.111076 -0.44944 0.20017 0.012338 0 0.20406 0.472084
ENSG00000216937.13__chr10:32567891:32583168:clu_9750 10 4913 164 depression sqtl -0.0584628 -0.38552 0.26254 0.0034179 0 0.16177 0.709593
ENSG00000216937.13__chr10:32711730:32726734:clu_9751 10 4913 164 depression sqtl -0.0783255 -0.36616 0.19888 0.00613488 0 0.1363 0.560417
ENSG00000216937.13__chr10:32805098:32814370:clu_9753 10 4913 164 depression sqtl -0.190991 -0.48685 0.0683 0.0364775 0 0.23702 0.145712
