locus chr n.snps n.pcs phen1 phen2 rho rho.lower rho.upper r2 r2.lower r2.upper p
ENSG00000101751.10__chr18:54283015:54283743:clu_26104 18 5217 164 depression sqtl 0.134807 -0.01163 0.28206 0.018173 0 0.07956 0.0755285
ENSG00000166510.13__chr18:54936958:54937957:clu_26109 18 3990 164 depression sqtl 0.047815 -0.14334 0.24132 0.00228627 0 0.05933 0.62266
