locus chr n.snps n.pcs phen1 phen2 rho rho.lower rho.upper r2 r2.lower r2.upper p
ENSG00000068781.21__chr2:48671680:48679335:clu_44830 2 5052 164 depression sqtl -0.292381 -0.56493 -0.04927 0.0854867 0.00281 0.31914 0.0183969
ENSG00000115221.10__chr2:160112199:160123791:clu_46427 2 4705 164 depression sqtl -0.000242612 -0.27271 0.2629 5.88608e-08 0 0.09444 0.998531
ENSG00000115392.11__chr2:58232112:58241218:clu_44943 2 4034 164 depression sqtl 0.250557 -0.00238 0.52104 0.0627788 0 0.27149 0.0524247
ENSG00000136560.13__chr2:161161412:161179614:clu_46436 2 3762 164 depression sqtl 0.393335 0.21104 0.59409 0.154713 0.04454 0.35294 6.56094e-05
ENSG00000153250.19__chr2:160281364:160282257:clu_46430 2 4388 164 depression sqtl 0.342588 0.14955 0.55265 0.117366 0.02237 0.30542 0.000838768
ENSG00000153250.19__chr2:160281364:160284775:clu_46430 2 4388 164 depression sqtl -0.311133 -0.50141 -0.12739 0.0968039 0.01623 0.25141 0.000975739
ENSG00000153250.19__chr2:160282304:160284775:clu_46430 2 4388 164 depression sqtl 0.196039 -0.00744 0.40998 0.0384315 0 0.16809 0.0579526
ENSG00000153250.19__chr2:160287084:160300651:clu_46432 2 4388 164 depression sqtl 0.177029 -0.02646 0.39049 0.0313392 0 0.15248 0.0944324
ENSG00000153250.19__chr2:160300730:160303330:clu_46432 2 4388 164 depression sqtl -0.203339 -0.47019 0.05017 0.0413469 0 0.22108 0.11834
ENSG00000153250.19__chr2:160367391:160493289:clu_46434 2 4388 164 depression sqtl 0.101424 -0.13496 0.33703 0.0102869 0 0.1144 0.387531
ENSG00000158089.14__chr2:30944942:30945783:clu_44513 2 4912 164 depression sqtl 0.110885 -0.14915 0.38718 0.0122956 0 0.15013 0.397317
ENSG00000163013.11__chr2:73265966:73266457:clu_45207 2 2936 164 depression sqtl 0.00626016 -0.29946 0.32179 3.91896e-05 0 0.13392 0.966494
ENSG00000168702.17__chr2:140378286:140385893:clu_46238 2 5279 164 depression sqtl 0.0256594 -0.20657 0.26766 0.000658406 0 0.07901 0.827129
ENSG00000179915.22__chr2:49922251:49943704:clu_44832 2 4900 164 depression sqtl 0.0948084 -0.16858 0.36792 0.00898864 0 0.13673 0.475841
ENSG00000179915.22__chr2:50623615:50921869:clu_44839 2 4900 164 depression sqtl -0.105467 -0.39674 0.1742 0.0111232 0 0.15803 0.451076
