locus chr n.snps n.pcs phen1 phen2 rho rho.lower rho.upper r2 r2.lower r2.upper p
ENSG00000104177.17__chr15:48143071:48149032:clu_18709 15 3470 164 depression sqtl 0.066084 -0.2034 0.33554 0.0043671 0 0.11628 0.617898
ENSG00000104177.17__chr15:48149083:48149163:clu_18709 15 3470 164 depression sqtl 0.0797179 -0.19251 0.36665 0.00635495 0 0.13794 0.557229
ENSG00000104177.17__chr15:48151942:48152047:clu_18711 15 3470 164 depression sqtl -0.0483296 -0.32193 0.21975 0.00233575 0 0.1073 0.720778
ENSG00000104177.17__chr15:48159804:48165933:clu_18713 15 3470 164 depression sqtl -0.0590424 -0.30807 0.18997 0.00348601 0 0.09787 0.623576
ENSG00000104177.17__chr15:48162893:48165933:clu_18713 15 3470 164 depression sqtl 0.0207233 -0.21862 0.26179 0.000429455 0 0.07834 0.859171
ENSG00000104177.17__chr15:48168839:48178077:clu_18715 15 3470 164 depression sqtl 0.0203189 -0.29441 0.32812 0.00041286 0 0.13111 0.893237
ENSG00000104177.17__chr15:48213379:48227461:clu_18715 15 3470 164 depression sqtl 0.18814 -0.05055 0.45246 0.0353967 0 0.20472 0.116951
ENSG00000259235.1__chr15:48213379:48227461:clu_18715 15 3475 164 depression sqtl 0.131699 -0.08697 0.36773 0.0173445 0 0.13523 0.24024
