locus chr n.snps n.pcs phen1 phen2 rho rho.lower rho.upper r2 r2.lower r2.upper p
ENSG00000064666.14__chr19:1026724:1031071:clu_21993 19 1191 164 depression sqtl -0.00353426 -0.2824 0.27367 1.2491e-05 0 0.10003 0.978604
ENSG00000064666.14__chr19:1032696:1036130:clu_21995 19 1191 164 depression sqtl -0.17201 -0.4441 0.07481 0.0295874 0 0.19723 0.168838
ENSG00000064666.14__chr19:1036246:1036416:clu_21995 19 1191 164 depression sqtl 0.29628 0.01308 0.62855 0.0877817 0.00137 0.39508 0.0454687
ENSG00000064666.14__chr19:1036562:1036879:clu_21996 19 1191 164 depression sqtl -0.0499483 -0.32696 0.2232 0.00249483 0 0.11254 0.711641
ENSG00000064666.14__chr19:1036562:1037625:clu_21996 19 1191 164 depression sqtl -0.103346 -0.41739 0.20565 0.0106804 0 0.17485 0.499388
ENSG00000129946.10__chr19:422456:425097:clu_21909 19 814 164 depression sqtl -0.0613429 -0.38418 0.25592 0.00376295 0 0.15658 0.688993
ENSG00000129946.10__chr19:440932:441085:clu_21911 19 814 164 depression sqtl -0.208393 -0.47132 0.03133 0.0434275 0 0.22214 0.077616
ENSG00000129946.10__chr19:440932:460529:clu_21911 19 814 164 depression sqtl 0.203527 -0.02925 0.47056 0.0414232 0 0.22143 0.0824919
ENSG00000182087.12__chr19:1010895:1011096:clu_21988 19 1176 164 depression sqtl -0.0499673 -0.30667 0.19839 0.00249673 0 0.09683 0.678764
ENSG00000182087.12__chr19:1011195:1011367:clu_21988 19 1176 164 depression sqtl 0.0646348 -0.1838 0.32499 0.00417766 0 0.10827 0.600941
ENSG00000197766.7__chr19:859744:860617:clu_21958 19 948 164 depression sqtl 0.0671202 -0.18531 0.32581 0.00450512 0 0.10943 0.583144
ENSG00000197766.7__chr19:861956:863092:clu_21959 19 948 164 depression sqtl -0.0653394 -0.32789 0.18712 0.00426924 0 0.11036 0.596905
