locus chr n.snps n.pcs phen1 phen2 rho rho.lower rho.upper r2 r2.lower r2.upper p
ENSG00000118939.17__chr13:75549670:75549976:clu_2477 13 5045 164 depression sqtl -0.129655 -0.44129 0.1685 0.0168103 0 0.1961 0.376181
ENSG00000118939.17__chr13:75594990:75604769:clu_2479 13 5045 164 depression sqtl -0.0858115 -0.38011 0.20636 0.00736362 0 0.14686 0.541014
ENSG00000188243.12__chr13:75526639:75527813:clu_2475 13 5045 164 depression sqtl -0.210888 -0.56095 0.11035 0.0444738 0 0.31467 0.179784
ENSG00000188243.12__chr13:75527851:75530114:clu_2475 13 5045 164 depression sqtl -0.0371734 -0.31634 0.22867 0.00138186 0 0.11061 0.776417
ENSG00000188243.12__chr13:75530266:75537664:clu_2476 13 5045 164 depression sqtl -0.247121 -0.60024 0.0703 0.0610688 0 0.36029 0.121771
