locus chr n.snps n.pcs phen1 phen2 rho rho.lower rho.upper r2 r2.lower r2.upper p
ENSG00000070413.19__chr22:19039121:19041058:clu_26439 22 3287 164 depression sqtl 0.0142341 -0.23284 0.28227 0.000202609 0 0.09361 0.908652
ENSG00000070413.19__chr22:19041294:19041807:clu_26439 22 3287 164 depression sqtl -0.0124303 -0.27144 0.24617 0.000154513 0 0.09133 0.92178
ENSG00000070413.19__chr22:19057162:19063202:clu_26441 22 3287 164 depression sqtl -0.375759 -0.73137 -0.08662 0.141195 0.00834 0.5349 0.0144263
ENSG00000093010.13__chr22:19961289:19962233:clu_26490 22 4817 164 depression sqtl 0.274728 0.05843 0.52455 0.0754755 0.00376 0.27515 0.0136788
ENSG00000093010.13__chr22:19961289:19962527:clu_26490 22 4817 164 depression sqtl -0.28571 -0.59147 -0.01751 0.08163 0.00145 0.34984 0.0417142
ENSG00000100056.11__chr22:19142894:19144124:clu_26446 22 3287 164 depression sqtl 0.0145065 -0.28993 0.31225 0.00021044 0 0.12214 0.922033
ENSG00000100056.11__chr22:19142894:19144506:clu_26446 22 3287 164 depression sqtl -0.0427405 -0.30496 0.21461 0.00182675 0 0.09736 0.742893
ENSG00000100084.14__chr22:19441694:19444012:clu_26467 22 3735 164 depression sqtl 0.0916407 -0.17565 0.37232 0.00839801 0 0.14068 0.488525
ENSG00000100359.20__chr22:40400813:40402139:clu_27326 22 2738 164 depression sqtl -0.225251 -0.47338 -0.00824 0.050738 0.00074 0.22409 0.0457996
ENSG00000100372.14__chr22:40794580:40799023:clu_27342 22 2695 164 depression sqtl 0.224299 0.01072 0.4595 0.0503101 0.00078 0.21114 0.0399549
ENSG00000100403.11__chr22:41332227:41338313:clu_27370 22 3000 164 depression sqtl 0.157049 -0.12583 0.45572 0.0246643 0 0.20784 0.269273
ENSG00000184470.20__chr22:19919004:19919543:clu_26488 22 4817 164 depression sqtl -0.152144 -0.42398 0.10017 0.0231479 0 0.17978 0.238261
ENSG00000184470.20__chr22:19919599:19931030:clu_26488 22 4817 164 depression sqtl 0.171097 -0.05932 0.41526 0.0292741 0 0.17244 0.134485
ENSG00000184702.17__chr22:19714791:19719602:clu_26476 22 4340 164 depression sqtl -0.261992 -0.52032 -0.03803 0.0686396 0.00218 0.27073 0.0262207
ENSG00000196236.12__chr22:40869115:40881770:clu_27345 22 2728 164 depression sqtl 0.0075587 -0.2785 0.30169 5.71339e-05 0 0.1126 0.95763
ENSG00000196236.12__chr22:40870139:40881770:clu_27345 22 2728 164 depression sqtl 0.0695371 -0.14694 0.29839 0.00483541 0 0.08958 0.522351
ENSG00000196236.12__chr22:40922513:40924362:clu_27347 22 2728 164 depression sqtl 0.0206357 -0.26431 0.30205 0.000425831 0 0.10797 0.88309
ENSG00000196588.14__chr22:40417493:40418374:clu_27336 22 2617 164 depression sqtl 0.165184 -0.10649 0.45848 0.0272857 0 0.2102 0.237084
ENSG00000239900.12__chr22:40361635:40362981:clu_27321 22 2776 164 depression sqtl -0.0509658 -0.3597 0.24795 0.00259752 0 0.13893 0.729688
ENSG00000242259.8__chr22:19441694:19444012:clu_26467 22 3778 164 depression sqtl 0.0725459 -0.20076 0.346 0.0052629 0 0.12612 0.588902
