locus chr n.snps n.pcs phen1 phen2 rho rho.lower rho.upper r2 r2.lower r2.upper p
ENSG00000081189.15__chr5:88729347:88731729:clu_36752 5 2712 164 depression sqtl -0.0574191 -0.30053 0.18185 0.00329696 0 0.09269 0.627529
ENSG00000091009.7__chr5:146229910:146230657:clu_37531 5 3992 164 depression sqtl -0.0626243 -0.3286 0.20036 0.00392181 0 0.11058 0.629135
ENSG00000113391.18__chr5:94050831:94053126:clu_36804 5 2799 164 depression sqtl -0.0763266 -0.41018 0.25085 0.00582574 0 0.1745 0.6249
ENSG00000130449.5__chr5:61525976:61526250:clu_36415 5 3658 164 depression sqtl 0.324731 0.11145 0.56193 0.10545 0.01242 0.31576 0.00357472
ENSG00000130449.5__chr5:61526396:61530052:clu_36415 5 3658 164 depression sqtl -0.340076 -0.62135 -0.08451 0.115652 0.00755 0.38608 0.0110265
