locus chr n.snps n.pcs phen1 phen2 rho rho.lower rho.upper r2 r2.lower r2.upper p
ENSG00000126214.21__chr14:103700727:103701201:clu_21746 14 4640 164 depression sqtl -0.118513 -0.45425 0.20454 0.0140452 0 0.20791 0.449496
ENSG00000156381.8__chr14:102508549:102508641:clu_21708 14 4391 164 depression sqtl -0.0263631 -0.33346 0.27146 0.000695015 0 0.12529 0.853971
ENSG00000156381.8__chr14:102508549:102509529:clu_21708 14 4391 164 depression sqtl 0.127418 -0.15296 0.41945 0.0162354 0 0.1762 0.353972
ENSG00000185215.8__chr14:103123951:103126310:clu_21726 14 4476 164 depression sqtl -0.0840275 -0.31661 0.14326 0.00706062 0 0.10103 0.460183
ENSG00000198752.10__chr14:102940324:102943891:clu_21714 14 4450 164 depression sqtl -0.13598 -0.45506 0.17527 0.0184906 0 0.20805 0.374616
