locus chr n.snps n.pcs phen1 phen2 rho rho.lower rho.upper r2 r2.lower r2.upper p
ENSG00000138663.8__chr4:83063246:83066438:clu_39317 4 4442 164 depression sqtl -0.191129 -0.50893 0.10403 0.0365303 0 0.25901 0.197752
ENSG00000138674.16__chr4:82842481:82844386:clu_39305 4 4553 164 depression sqtl -0.0990502 -0.36303 0.15916 0.00981094 0 0.13424 0.435116
ENSG00000138772.12__chr4:78573267:78579027:clu_39262 4 3913 164 depression sqtl -0.0108671 -0.24671 0.22362 0.000118095 0 0.0755 0.924671
ENSG00000163312.10__chr4:83418206:83421563:clu_39326 4 4303 164 depression sqtl 0.327346 0.02661 0.66836 0.107156 0.00252 0.44671 0.031691
ENSG00000163312.10__chr4:83447035:83448783:clu_39329 4 4303 164 depression sqtl -0.134752 -0.40479 0.1251 0.0181582 0 0.16385 0.29857
ENSG00000206113.10__chr4:2458864:2459112:clu_38392 4 4125 164 depression sqtl 0.221438 -0.00196 0.47174 0.0490348 0 0.22287 0.0533145
